45.024	2	1
45.047	1	1
45.049	2	2
45.074	2	3
45.099	2	4
45.103	3	1
45.124	2	5
45.149	2	6
45.174	2	7
45.199	2	8
45.224	2	9
45.247	1	2
45.249	2	10
45.274	2	11
45.299	2	12
45.316	3	2
45.324	2	13
45.349	2	14
45.374	2	15
45.399	2	16
45.424	2	17
45.447	1	3
45.449	2	18
45.474	2	19
45.499	2	20
45.524	2	21
45.530	3	3
45.549	2	22
45.574	2	23
45.599	2	24
45.624	2	25
45.647	1	4
45.649	2	26
45.674	2	27
45.699	2	28
45.724	2	29
45.743	3	4
45.749	2	30
45.774	2	31
45.799	2	32
45.824	2	33
45.848	1	5
45.849	2	34
45.874	2	35
45.899	2	36
45.924	2	37
45.949	2	38
45.957	3	5
45.974	2	39
45.999	2	40
46.024	2	41
46.048	1	6
46.049	2	42
46.074	2	43
46.099	2	44
46.124	2	45
46.149	2	46
46.171	3	6
46.174	2	47
46.199	2	48
46.224	2	49
46.248	1	7
46.249	2	50
46.274	2	51
46.299	2	52
46.324	2	53
46.349	2	54
46.374	2	55
46.385	3	7
46.399	2	56
46.424	2	57
46.448	1	8
46.449	2	58
46.474	2	59
46.499	2	60
46.524	2	61
46.549	2	62
46.574	2	63
46.598	3	8
46.599	2	64
46.624	2	65
46.649	1	9
46.649	2	66
46.674	2	67
46.699	2	68
46.724	2	69
46.749	2	70
46.774	2	71
46.799	2	72
46.811	3	9
46.824	2	73
46.848	1	10
46.849	2	74
46.874	2	75
46.899	2	76
46.924	2	77
46.949	2	78
46.974	2	79
46.999	2	80
47.024	2	81
47.025	3	10
47.049	1	11
47.049	2	82
47.074	2	83
47.099	2	84
47.124	2	85
47.149	2	86
47.174	2	87
47.199	2	88
47.224	2	89
47.239	3	11
47.249	1	12
47.249	2	90
47.274	2	91
47.299	2	92
47.324	2	93
47.349	2	94
47.374	2	95
47.399	2	96
47.424	2	97
47.449	1	13
47.449	2	98
47.452	3	12
47.474	2	99
47.499	2	100
47.524	2	101
47.549	2	102
47.574	2	103
47.599	2	104
47.624	2	105
47.649	1	14
47.649	2	106
47.666	3	13
47.674	2	107
47.699	2	108
47.724	2	109
47.749	2	110
47.774	2	111
47.799	2	112
47.824	2	113
47.849	2	114
47.850	1	15
47.874	2	115
47.880	3	14
47.899	2	116
47.924	2	117
47.949	2	118
47.974	2	119
47.999	2	120
48.024	2	121
48.049	2	122
48.050	1	16
48.074	2	123
48.093	3	15
48.099	2	124
48.124	2	125
48.149	2	126
48.174	2	127
48.199	2	128
48.224	2	129
48.249	2	130
48.250	1	17
48.274	2	131
48.299	2	132
48.307	3	16
48.324	2	133
48.349	2	134
48.374	2	135
48.399	2	136
48.424	2	137
48.449	2	138
48.450	1	18
48.474	2	139
48.499	2	140
48.521	3	17
48.524	2	141
48.549	2	142
48.574	2	143
48.599	2	144
48.624	2	145
48.649	2	146
48.651	1	19
48.674	2	147
48.699	2	148
48.724	2	149
48.734	3	18
48.749	2	150
48.774	2	151
48.799	2	152
48.824	2	153
48.849	2	154
48.850	1	20
48.874	2	155
48.899	2	156
48.924	2	157
48.948	3	19
48.949	2	158
48.974	2	159
48.999	2	160
49.024	2	161
49.049	2	162
49.051	1	21
49.074	2	163
49.099	2	164
49.124	2	165
49.149	2	166
49.162	3	20
49.174	2	167
49.199	2	168
49.224	2	169
49.249	2	170
49.251	1	22
49.274	2	171
49.299	2	172
49.324	2	173
49.349	2	174
49.374	2	175
49.376	3	21
49.399	2	176
49.424	2	177
49.449	2	178
49.452	1	23
49.474	2	179
49.499	2	180
49.524	2	181
49.549	2	182
49.574	2	183
49.589	3	22
49.599	2	184
49.624	2	185
49.649	2	186
49.651	1	24
49.674	2	187
49.699	2	188
49.724	2	189
49.749	2	190
49.774	2	191
49.799	2	192
49.803	3	23
49.824	2	193
49.849	2	194
49.852	1	25
49.874	2	195
49.899	2	196
49.924	2	197
49.949	2	198
49.974	2	199
49.999	2	200
50.016	3	24
50.024	2	201
50.049	2	202
50.052	1	26
50.074	2	203
50.099	2	204
50.124	2	205
50.149	2	206
50.174	2	207
50.199	2	208
50.224	2	209
50.229	3	25
50.249	2	210
50.252	1	27
50.274	2	211
50.299	2	212
50.324	2	213
50.349	2	214
50.374	2	215
50.399	2	216
50.424	2	217
50.443	3	26
50.449	2	218
50.452	1	28
50.474	2	219
50.499	2	220
50.524	2	221
50.549	2	222
50.574	2	223
50.599	2	224
50.624	2	225
50.649	2	226
50.653	1	29
50.657	3	27
50.674	2	227
50.699	2	228
50.724	2	229
50.749	2	230
50.774	2	231
50.799	2	232
50.824	2	233
50.849	2	234
50.853	1	30
50.871	3	28
50.874	2	235
50.899	2	236
50.924	2	237
50.949	2	238
50.974	2	239
50.999	2	240
51.024	2	241
51.049	2	242
51.053	1	31
51.074	2	243
51.085	3	29
51.099	2	244
51.124	2	245
51.149	2	246
51.174	2	247
51.199	2	248
51.224	2	249
51.249	2	250
51.253	1	32
51.274	2	251
51.298	3	30
51.299	2	252
51.324	2	253
51.349	2	254
51.374	2	255
51.399	2	256
51.424	2	257
51.449	2	258
51.454	1	33
51.474	2	259
51.499	2	260
51.511	3	31
51.524	2	261
51.549	2	262
51.574	2	263
51.599	2	264
51.624	2	265
51.649	2	266
51.653	1	34
51.674	2	267
51.699	2	268
51.724	2	269
51.725	3	32
51.749	2	270
51.774	2	271
51.799	2	272
51.824	2	273
51.849	2	274
51.854	1	35
51.874	2	275
51.899	2	276
51.924	2	277
51.939	3	33
51.949	2	278
51.974	2	279
51.999	2	280
52.024	2	281
52.049	2	282
52.054	1	36
52.074	2	283
52.099	2	284
52.124	2	285
52.149	2	286
52.153	3	34
52.174	2	287
52.199	2	288
52.224	2	289
52.249	2	290
52.254	1	37
52.274	2	291
52.299	2	292
52.324	2	293
52.349	2	294
52.366	3	35
52.374	2	295
52.399	2	296
52.424	2	297
52.449	2	298
52.454	1	38
52.474	2	299
52.499	2	300
52.524	2	301
52.549	2	302
52.574	2	303
52.580	3	36
52.599	2	304
52.624	2	305
52.649	2	306
52.655	1	39
52.674	2	307
52.699	2	308
52.724	2	309
52.749	2	310
52.774	2	311
52.793	3	37
52.799	2	312
52.824	2	313
52.849	2	314
52.855	1	40
52.874	2	315
52.899	2	316
52.924	2	317
52.949	2	318
52.974	2	319
52.999	2	320
53.007	3	38
53.024	2	321
53.049	2	322
53.055	1	41
53.074	2	323
53.099	2	324
53.124	2	325
53.149	2	326
53.174	2	327
53.199	2	328
53.221	3	39
53.224	2	329
53.249	2	330
53.255	1	42
53.274	2	331
53.299	2	332
53.324	2	333
53.349	2	334
53.374	2	335
53.399	2	336
53.424	2	337
53.434	3	40
53.449	2	338
53.456	1	43
53.474	2	339
53.499	2	340
53.524	2	341
53.549	2	342
53.574	2	343
53.599	2	344
53.624	2	345
53.648	3	41
53.649	2	346
53.655	1	44
53.674	2	347
53.699	2	348
53.724	2	349
53.749	2	350
53.774	2	351
53.799	2	352
53.824	2	353
53.849	2	354
53.856	1	45
53.861	3	42
53.874	2	355
53.899	2	356
53.924	2	357
53.949	2	358
53.974	2	359
53.999	2	360
54.024	2	361
54.049	2	362
54.056	1	46
54.074	2	363
54.075	3	43
54.099	2	364
54.124	2	365
54.149	2	366
54.174	2	367
54.199	2	368
54.224	2	369
54.249	2	370
54.257	1	47
54.274	2	371
54.288	3	44
54.299	2	372
54.324	2	373
54.349	2	374
54.374	2	375
54.399	2	376
54.424	2	377
54.449	2	378
54.456	1	48
54.474	2	379
54.499	2	380
54.502	3	45
54.524	2	381
54.549	2	382
54.574	2	383
54.599	2	384
54.624	2	385
54.649	2	386
54.657	1	49
54.674	2	387
54.699	2	388
54.716	3	46
54.724	2	389
54.749	2	390
54.774	2	391
54.799	2	392
54.824	2	393
54.849	2	394
54.857	1	50
54.874	2	395
54.899	2	396
54.924	2	397
54.930	3	47
54.949	2	398
54.974	2	399
54.999	2	400
55.024	2	401
55.049	2	402
55.057	1	51
55.074	2	403
55.099	2	404
55.124	2	405
55.143	3	48
55.149	2	406
55.174	2	407
55.199	2	408
55.224	2	409
55.249	2	410
55.257	1	52
55.274	2	411
55.299	2	412
55.324	2	413
55.349	2	414
55.357	3	49
55.374	2	415
55.399	2	416
55.424	2	417
55.449	2	418
55.458	1	53
55.474	2	419
55.499	2	420
55.524	2	421
55.549	2	422
55.570	3	50
55.574	2	423
55.599	2	424
55.624	2	425
55.649	2	426
55.658	1	54
55.674	2	427
55.699	2	428
55.724	2	429
55.749	2	430
55.774	2	431
55.784	3	51
55.799	2	432
55.824	2	433
55.849	2	434
55.858	1	55
55.874	2	435
55.899	2	436
55.924	2	437
55.949	2	438
55.974	2	439
55.997	3	52
55.999	2	440
56.024	2	441
56.049	2	442
56.058	1	56
56.074	2	443
56.099	2	444
56.124	2	445
56.149	2	446
56.174	2	447
56.199	2	448
56.211	3	53
56.224	2	449
56.249	2	450
56.259	1	57
56.274	2	451
56.299	2	452
56.324	2	453
56.349	2	454
56.374	2	455
56.399	2	456
56.424	2	457
56.425	3	54
56.449	2	458
56.458	1	58
56.474	2	459
56.499	2	460
56.524	2	461
56.549	2	462
56.574	2	463
56.599	2	464
56.624	2	465
56.639	3	55
56.649	2	466
56.659	1	59
56.674	2	467
56.699	2	468
56.724	2	469
56.749	2	470
56.774	2	471
56.799	2	472
56.824	2	473
56.849	2	474
56.852	3	56
56.859	1	60
56.874	2	475
56.899	2	476
56.924	2	477
56.949	2	478
56.974	2	479
56.999	2	480
57.024	2	481
57.049	2	482
57.059	1	61
57.066	3	57
57.074	2	483
57.099	2	484
57.124	2	485
57.149	2	486
57.174	2	487
57.199	2	488
57.224	2	489
57.249	2	490
57.259	1	62
57.274	2	491
57.279	3	58
57.299	2	492
57.324	2	493
57.349	2	494
57.374	2	495
57.399	2	496
57.424	2	497
57.449	2	498
57.460	1	63
57.474	2	499
57.493	3	59
57.499	2	500
57.524	2	501
57.549	2	502
57.574	2	503
57.599	2	504
57.624	2	505
57.649	2	506
57.660	1	64
57.674	2	507
57.699	2	508
57.707	3	60
57.724	2	509
57.749	2	510
57.774	2	511
57.799	2	512
57.824	2	513
57.849	2	514
57.860	1	65
57.874	2	515
57.899	2	516
57.920	3	61
57.924	2	517
57.949	2	518
57.974	2	519
57.999	2	520
58.024	2	521
58.049	2	522
58.060	1	66
58.074	2	523
58.099	2	524
58.124	2	525
58.134	3	62
58.149	2	526
58.174	2	527
58.199	2	528
58.224	2	529
58.249	2	530
58.261	1	67
58.274	2	531
58.299	2	532
58.324	2	533
58.348	3	63
58.349	2	534
58.374	2	535
58.399	2	536
58.424	2	537
58.449	2	538
58.460	1	68
58.474	2	539
58.499	2	540
58.524	2	541
58.549	2	542
58.562	3	64
58.574	2	543
58.599	2	544
58.624	2	545
58.649	2	546
58.661	1	69
58.674	2	547
58.699	2	548
58.724	2	549
58.749	2	550
58.774	2	551
58.775	3	65
58.799	2	552
58.824	2	553
58.849	2	554
58.861	1	70
58.874	2	555
58.899	2	556
58.924	2	557
58.949	2	558
58.974	2	559
58.989	3	66
58.999	2	560
59.024	2	561
59.049	2	562
59.062	1	71
59.074	2	563
59.099	2	564
59.124	2	565
59.149	2	566
59.174	2	567
59.199	2	568
59.202	3	67
59.224	2	569
59.249	2	570
59.261	1	72
59.274	2	571
59.299	2	572
59.324	2	573
59.349	2	574
59.374	2	575
59.399	2	576
59.416	3	68
59.424	2	577
59.449	2	578
59.462	1	73
59.474	2	579
59.499	2	580
59.524	2	581
59.549	2	582
59.574	2	583
59.599	2	584
59.624	2	585
59.629	3	69
59.649	2	586
59.662	1	74
59.674	2	587
59.699	2	588
59.724	2	589
59.749	2	590
59.774	2	591
59.799	2	592
59.824	2	593
59.843	3	70
59.849	2	594
59.862	1	75
59.874	2	595
59.899	2	596
59.924	2	597
59.949	2	598
59.974	2	599
59.999	2	600
60.024	2	601
60.049	2	602
60.056	3	71
60.062	1	76
60.074	2	603
60.099	2	604
60.124	2	605
60.149	2	606
60.174	2	607
60.199	2	608
60.224	2	609
60.249	2	610
60.263	1	77
60.270	3	72
60.274	2	611
60.299	2	612
60.324	2	613
60.349	2	614
60.374	2	615
60.399	2	616
60.424	2	617
60.449	2	618
60.463	1	78
60.474	2	619
60.484	3	73
60.499	2	620
60.524	2	621
60.549	2	622
60.574	2	623
60.599	2	624
60.624	2	625
60.649	2	626
60.663	1	79
60.674	2	627
60.697	3	74
60.699	2	628
60.724	2	629
60.749	2	630
60.774	2	631
60.799	2	632
60.824	2	633
60.849	2	634
60.863	1	80
60.874	2	635
60.899	2	636
60.911	3	75
60.924	2	637
60.949	2	638
60.974	2	639
60.999	2	640
61.024	2	641
61.049	2	642
61.064	1	81
61.074	2	643
61.099	2	644
61.124	2	645
61.125	3	76
61.149	2	646
61.174	2	647
61.199	2	648
61.224	2	649
61.249	2	650
61.263	1	82
61.274	2	651
61.299	2	652
61.324	2	653
61.338	3	77
61.349	2	654
61.374	2	655
61.399	2	656
61.424	2	657
61.449	2	658
61.464	1	83
61.474	2	659
61.499	2	660
61.524	2	661
61.549	2	662
61.552	3	78
61.574	2	663
61.599	2	664
61.624	2	665
61.649	2	666
61.664	1	84
61.674	2	667
61.699	2	668
61.724	2	669
61.749	2	670
61.766	3	79
61.774	2	671
61.799	2	672
61.824	2	673
61.849	2	674
61.864	1	85
61.874	2	675
61.899	2	676
61.924	2	677
61.949	2	678
61.974	2	679
61.980	3	80
61.999	2	680
62.024	2	681
62.049	2	682
62.064	1	86
62.074	2	683
62.099	2	684
62.124	2	685
62.149	2	686
62.174	2	687
62.193	3	81
62.199	2	688
62.224	2	689
62.249	2	690
62.265	1	87
62.274	2	691
62.299	2	692
62.324	2	693
62.349	2	694
62.374	2	695
62.399	2	696
62.406	3	82
62.424	2	697
62.449	2	698
62.465	1	88
62.474	2	699
62.499	2	700
62.524	2	701
62.549	2	702
62.574	2	703
62.599	2	704
62.620	3	83
62.624	2	705
62.649	2	706
62.665	1	89
62.674	2	707
62.699	2	708
62.724	2	709
62.749	2	710
62.774	2	711
62.799	2	712
62.824	2	713
62.833	3	84
62.849	2	714
62.865	1	90
62.874	2	715
62.899	2	716
62.924	2	717
62.949	2	718
62.974	2	719
62.999	2	720
63.024	2	721
63.047	3	85
63.049	2	722
63.066	1	91
63.074	2	723
63.099	2	724
63.124	2	725
63.149	2	726
63.174	2	727
63.199	2	728
63.224	2	729
63.249	2	730
63.261	3	86
63.265	1	92
63.274	2	731
63.299	2	732
63.324	2	733
63.349	2	734
63.374	2	735
63.399	2	736
63.424	2	737
63.449	2	738
63.466	1	93
63.474	2	739
63.475	3	87
63.499	2	740
63.524	2	741
63.549	2	742
63.574	2	743
63.599	2	744
63.624	2	745
63.649	2	746
63.666	1	94
63.674	2	747
63.688	3	88
63.699	2	748
63.724	2	749
63.749	2	750
63.774	2	751
63.799	2	752
63.824	2	753
63.849	2	754
63.867	1	95
63.874	2	755
63.899	2	756
63.902	3	89
63.924	2	757
63.949	2	758
63.974	2	759
63.999	2	760
64.024	2	761
64.049	2	762
64.066	1	96
64.074	2	763
64.099	2	764
64.115	3	90
64.124	2	765
64.149	2	766
64.174	2	767
64.199	2	768
64.224	2	769
64.249	2	770
64.267	1	97
64.274	2	771
64.299	2	772
64.324	2	773
64.329	3	91
64.349	2	774
64.374	2	775
64.399	2	776
64.424	2	777
64.449	2	778
64.467	1	98
64.474	2	779
64.499	2	780
64.524	2	781
64.543	3	92
64.549	2	782
64.574	2	783
64.599	2	784
64.624	2	785
64.649	2	786
64.667	1	99
64.674	2	787
64.699	2	788
64.724	2	789
64.749	2	790
64.756	3	93
64.774	2	791
64.799	2	792
64.824	2	793
64.849	2	794
64.867	1	100
64.874	2	795
64.899	2	796
64.924	2	797
64.949	2	798
64.970	3	94
64.974	2	799
64.999	2	800
65.024	2	801
65.049	2	802
65.068	1	101
65.074	2	803
65.099	2	804
65.124	2	805
65.149	2	806
65.174	2	807
65.184	3	95
65.199	2	808
65.224	2	809
65.249	2	810
65.268	1	102
65.274	2	811
65.299	2	812
65.324	2	813
65.349	2	814
65.374	2	815
65.397	3	96
65.399	2	816
65.424	2	817
65.449	2	818
65.468	1	103
65.474	2	819
65.499	2	820
65.524	2	821
65.549	2	822
65.574	2	823
65.599	2	824
65.611	3	97
65.624	2	825
65.649	2	826
65.668	1	104
65.674	2	827
65.699	2	828
65.724	2	829
65.749	2	830
65.774	2	831
65.799	2	832
65.824	2	833
65.825	3	98
65.849	2	834
65.869	1	105
65.874	2	835
65.899	2	836
65.924	2	837
65.949	2	838
65.974	2	839
65.999	2	840
66.024	2	841
66.038	3	99
66.049	2	842
66.068	1	106
66.074	2	843
66.099	2	844
66.124	2	845
66.149	2	846
66.174	2	847
66.199	2	848
66.224	2	849
66.249	2	850
66.252	3	100
66.269	1	107
66.274	2	851
66.299	2	852
66.324	2	853
66.349	2	854
66.374	2	855
66.399	2	856
66.424	2	857
66.449	2	858
66.466	3	101
66.469	1	108
66.474	2	859
66.499	2	860
66.524	2	861
66.549	2	862
66.574	2	863
66.599	2	864
66.624	2	865
66.649	2	866
66.670	1	109
66.674	2	867
66.679	3	102
66.699	2	868
66.724	2	869
66.749	2	870
66.774	2	871
66.799	2	872
66.824	2	873
66.849	2	874
66.869	1	110
66.874	2	875
66.893	3	103
66.899	2	876
66.924	2	877
66.949	2	878
66.974	2	879
66.999	2	880
67.024	2	881
67.049	2	882
67.070	1	111
67.074	2	883
67.099	2	884
67.106	3	104
67.124	2	885
67.149	2	886
67.174	2	887
67.199	2	888
67.224	2	889
67.249	2	890
67.270	1	112
67.274	2	891
67.299	2	892
67.320	3	105
67.324	2	893
67.349	2	894
67.374	2	895
67.399	2	896
67.424	2	897
67.449	2	898
67.470	1	113
67.474	2	899
67.499	2	900
67.524	2	901
67.533	3	106
67.549	2	902
67.574	2	903
67.599	2	904
67.624	2	905
67.649	2	906
67.670	1	114
67.674	2	907
67.699	2	908
67.724	2	909
67.747	3	107
67.749	2	910
67.774	2	911
67.799	2	912
67.824	2	913
67.849	2	914
67.871	1	115
67.874	2	915
67.899	2	916
67.924	2	917
67.949	2	918
67.961	3	108
67.974	2	919
67.999	2	920
68.024	2	921
68.049	2	922
68.071	1	116
68.074	2	923
68.099	2	924
68.124	2	925
68.149	2	926
68.174	2	927
68.175	3	109
68.199	2	928
68.224	2	929
68.249	2	930
68.271	1	117
68.274	2	931
68.299	2	932
68.324	2	933
68.349	2	934
68.374	2	935
68.388	3	110
68.399	2	936
68.424	2	937
68.449	2	938
68.471	1	118
68.474	2	939
68.499	2	940
68.524	2	941
68.549	2	942
68.574	2	943
68.599	2	944
68.602	3	111
68.624	2	945
68.649	2	946
68.672	1	119
68.674	2	947
68.699	2	948
68.724	2	949
68.749	2	950
68.774	2	951
68.799	2	952
68.815	3	112
68.824	2	953
68.849	2	954
68.871	1	120
68.874	2	955
68.899	2	956
68.924	2	957
68.949	2	958
68.974	2	959
68.999	2	960
69.024	2	961
69.029	3	113
69.049	2	962
69.072	1	121
69.074	2	963
69.099	2	964
69.124	2	965
69.149	2	966
69.174	2	967
69.199	2	968
69.224	2	969
69.243	3	114
69.249	2	970
69.272	1	122
69.274	2	971
69.299	2	972
69.324	2	973
69.349	2	974
69.374	2	975
69.399	2	976
69.424	2	977
69.449	2	978
69.457	3	115
69.472	1	123
69.474	2	979
69.499	2	980
69.524	2	981
69.549	2	982
69.574	2	983
69.599	2	984
69.624	2	985
69.649	2	986
69.670	3	116
69.672	1	124
69.674	2	987
69.699	2	988
69.724	2	989
69.749	2	990
69.774	2	991
69.799	2	992
69.824	2	993
69.849	2	994
69.873	1	125
69.874	2	995
69.884	3	117
69.899	2	996
69.924	2	997
69.949	2	998
69.974	2	999
69.999	2	1000
70.024	2	1001
70.049	2	1002
70.073	1	126
70.074	2	1003
70.097	3	118
70.099	2	1004
70.124	2	1005
70.149	2	1006
70.174	2	1007
70.199	2	1008
70.224	2	1009
70.249	2	1010
70.273	1	127
70.274	2	1011
70.299	2	1012
70.311	3	119
70.324	2	1013
70.349	2	1014
70.374	2	1015
70.399	2	1016
70.424	2	1017
70.449	2	1018
70.473	1	128
70.474	2	1019
70.499	2	1020
70.524	2	1021
70.524	3	120
70.549	2	1022
70.574	2	1023
70.599	2	1024
70.624	2	1025
70.649	2	1026
70.674	1	129
70.674	2	1027
70.699	2	1028
70.724	2	1029
70.738	3	121
70.749	2	1030
70.774	2	1031
70.799	2	1032
70.824	2	1033
70.849	2	1034
70.873	1	130
70.874	2	1035
70.899	2	1036
70.924	2	1037
70.949	2	1038
70.951	3	122
70.974	2	1039
70.999	2	1040
71.024	2	1041
71.049	2	1042
71.074	1	131
71.074	2	1043
71.099	2	1044
71.124	2	1045
71.149	2	1046
71.165	3	123
71.174	2	1047
71.199	2	1048
71.224	2	1049
71.249	2	1050
71.274	1	132
71.274	2	1051
71.299	2	1052
71.324	2	1053
71.349	2	1054
71.374	2	1055
71.379	3	124
71.399	2	1056
71.424	2	1057
71.449	2	1058
71.474	2	1059
71.475	1	133
71.499	2	1060
71.524	2	1061
71.549	2	1062
71.574	2	1063
71.593	3	125
71.599	2	1064
71.624	2	1065
71.649	2	1066
71.674	1	134
71.674	2	1067
71.699	2	1068
71.724	2	1069
71.749	2	1070
71.774	2	1071
71.799	2	1072
71.806	3	126
71.824	2	1073
71.849	2	1074
71.874	2	1075
71.875	1	135
71.899	2	1076
71.924	2	1077
71.949	2	1078
71.974	2	1079
71.999	2	1080
72.020	3	127
72.024	2	1081
72.049	2	1082
72.074	2	1083
72.075	1	136
72.099	2	1084
72.124	2	1085
72.149	2	1086
72.174	2	1087
72.199	2	1088
72.224	2	1089
72.233	3	128
72.249	2	1090
72.274	2	1091
72.275	1	137
72.299	2	1092
72.324	2	1093
72.349	2	1094
72.374	2	1095
72.399	2	1096
72.424	2	1097
72.447	3	129
72.449	2	1098
72.474	2	1099
72.475	1	138
72.499	2	1100
72.524	2	1101
72.549	2	1102
72.574	2	1103
72.599	2	1104
72.624	2	1105
72.649	2	1106
72.661	3	130
72.674	2	1107
72.676	1	139
72.699	2	1108
72.724	2	1109
72.749	2	1110
72.774	2	1111
72.799	2	1112
72.824	2	1113
72.849	2	1114
72.874	2	1115
72.874	3	131
72.876	1	140
72.899	2	1116
72.924	2	1117
72.949	2	1118
72.974	2	1119
72.999	2	1120
73.024	2	1121
73.049	2	1122
73.074	2	1123
73.076	1	141
73.088	3	132
73.099	2	1124
73.124	2	1125
73.149	2	1126
73.174	2	1127
73.199	2	1128
73.224	2	1129
73.249	2	1130
73.274	2	1131
73.276	1	142
73.299	2	1132
73.302	3	133
73.324	2	1133
73.349	2	1134
73.374	2	1135
73.399	2	1136
73.424	2	1137
73.449	2	1138
73.474	2	1139
73.477	1	143
73.499	2	1140
73.515	3	134
73.524	2	1141
73.549	2	1142
73.574	2	1143
73.599	2	1144
73.624	2	1145
73.649	2	1146
73.674	2	1147
73.676	1	144
73.699	2	1148
73.724	2	1149
73.729	3	135
73.749	2	1150
73.774	2	1151
73.799	2	1152
73.824	2	1153
73.849	2	1154
73.874	2	1155
73.877	1	145
73.899	2	1156
73.924	2	1157
73.943	3	136
73.949	2	1158
73.974	2	1159
73.999	2	1160
74.024	2	1161
74.049	2	1162
74.074	2	1163
74.077	1	146
74.099	2	1164
74.124	2	1165
74.149	2	1166
74.156	3	137
74.174	2	1167
74.199	2	1168
74.224	2	1169
74.249	2	1170
74.274	2	1171
74.277	1	147
74.299	2	1172
74.324	2	1173
74.349	2	1174
74.370	3	138
74.374	2	1175
74.399	2	1176
74.424	2	1177
74.449	2	1178
74.474	2	1179
74.477	1	148
74.499	2	1180
74.524	2	1181
74.549	2	1182
74.574	2	1183
74.583	3	139
74.599	2	1184
74.624	2	1185
74.649	2	1186
74.674	2	1187
74.678	1	149
74.699	2	1188
74.724	2	1189
74.749	2	1190
74.774	2	1191
74.797	3	140
74.799	2	1192
74.824	2	1193
74.849	2	1194
74.874	2	1195
74.878	1	150
74.899	2	1196
74.924	2	1197
74.949	2	1198
74.974	2	1199
74.999	2	1200
75.011	3	141
75.024	2	1201
75.049	2	1202
75.074	2	1203
75.078	1	151
75.099	2	1204
75.124	2	1205
75.149	2	1206
75.174	2	1207
75.199	2	1208
75.224	2	1209
75.224	3	142
75.249	2	1210
75.274	2	1211
75.278	1	152
75.299	2	1212
75.324	2	1213
75.349	2	1214
75.374	2	1215
75.399	2	1216
75.424	2	1217
75.438	3	143
75.449	2	1218
75.474	2	1219
75.479	1	153
75.499	2	1220
75.524	2	1221
75.549	2	1222
75.574	2	1223
75.599	2	1224
75.624	2	1225
75.649	2	1226
75.651	3	144
75.674	2	1227
75.678	1	154
75.699	2	1228
75.724	2	1229
75.749	2	1230
75.774	2	1231
75.799	2	1232
75.824	2	1233
75.849	2	1234
75.865	3	145
75.874	2	1235
75.879	1	155
75.899	2	1236
75.924	2	1237
75.949	2	1238
75.974	2	1239
75.999	2	1240
76.024	2	1241
76.049	2	1242
76.074	2	1243
76.079	1	156
76.079	3	146
76.099	2	1244
76.124	2	1245
76.149	2	1246
76.174	2	1247
76.199	2	1248
76.224	2	1249
76.249	2	1250
76.274	2	1251
76.279	1	157
76.293	3	147
76.299	2	1252
76.324	2	1253
76.349	2	1254
76.374	2	1255
76.399	2	1256
76.424	2	1257
76.449	2	1258
76.474	2	1259
76.479	1	158
76.499	2	1260
76.506	3	148
76.524	2	1261
76.549	2	1262
76.574	2	1263
76.599	2	1264
76.624	2	1265
76.649	2	1266
76.674	2	1267
76.680	1	159
76.699	2	1268
76.720	3	149
76.724	2	1269
76.749	2	1270
76.774	2	1271
76.799	2	1272
76.824	2	1273
76.849	2	1274
76.874	2	1275
76.880	1	160
76.899	2	1276
76.924	2	1277
76.933	3	150
76.949	2	1278
76.974	2	1279
76.999	2	1280
77.024	2	1281
77.049	2	1282
77.074	2	1283
77.080	1	161
77.099	2	1284
77.124	2	1285
77.147	3	151
77.149	2	1286
77.174	2	1287
77.199	2	1288
77.224	2	1289
77.249	2	1290
77.274	2	1291
77.280	1	162
77.299	2	1292
77.324	2	1293
77.349	2	1294
77.360	3	152
77.374	2	1295
77.399	2	1296
77.424	2	1297
77.449	2	1298
77.474	2	1299
77.481	1	163
77.499	2	1300
77.524	2	1301
77.549	2	1302
77.574	2	1303
77.574	3	153
77.599	2	1304
77.624	2	1305
77.649	2	1306
77.674	2	1307
77.681	1	164
77.699	2	1308
77.724	2	1309
77.749	2	1310
77.774	2	1311
77.788	3	154
77.799	2	1312
77.824	2	1313
77.849	2	1314
77.874	2	1315
77.881	1	165
77.899	2	1316
77.924	2	1317
77.949	2	1318
77.974	2	1319
77.999	2	1320
78.001	3	155
78.024	2	1321
78.049	2	1322
78.074	2	1323
78.081	1	166
78.099	2	1324
78.124	2	1325
78.149	2	1326
78.174	2	1327
78.199	2	1328
78.215	3	156
78.224	2	1329
78.249	2	1330
78.274	2	1331
78.282	1	167
78.299	2	1332
78.324	2	1333
78.349	2	1334
78.374	2	1335
78.399	2	1336
78.424	2	1337
78.429	3	157
78.449	2	1338
78.474	2	1339
78.482	1	168
78.499	2	1340
78.524	2	1341
78.549	2	1342
78.574	2	1343
78.599	2	1344
78.624	2	1345
78.642	3	158
78.649	2	1346
78.674	2	1347
78.682	1	169
78.699	2	1348
78.724	2	1349
78.749	2	1350
78.774	2	1351
78.799	2	1352
78.824	2	1353
78.849	2	1354
78.856	3	159
78.874	2	1355
78.883	1	170
78.899	2	1356
78.924	2	1357
78.949	2	1358
78.974	2	1359
78.999	2	1360
79.024	2	1361
79.049	2	1362
79.069	3	160
79.074	2	1363
79.082	1	171
79.099	2	1364
79.124	2	1365
79.149	2	1366
79.174	2	1367
79.199	2	1368
79.224	2	1369
79.249	2	1370
79.274	2	1371
79.283	1	172
79.283	3	161
79.299	2	1372
79.324	2	1373
79.349	2	1374
79.374	2	1375
79.399	2	1376
79.424	2	1377
79.449	2	1378
79.474	2	1379
79.483	1	173
79.497	3	162
79.499	2	1380
79.524	2	1381
79.549	2	1382
79.574	2	1383
79.599	2	1384
79.624	2	1385
79.649	2	1386
79.674	2	1387
79.684	1	174
79.699	2	1388
79.710	3	163
79.724	2	1389
79.749	2	1390
79.774	2	1391
79.799	2	1392
79.824	2	1393
79.849	2	1394
79.874	2	1395
79.883	1	175
79.899	2	1396
79.924	2	1397
79.924	3	164
79.949	2	1398
79.974	2	1399
79.999	2	1400
80.024	2	1401
80.049	2	1402
80.074	2	1403
80.084	1	176
80.099	2	1404
80.124	2	1405
80.138	3	165
80.149	2	1406
80.174	2	1407
80.199	2	1408
80.224	2	1409
80.249	2	1410
80.274	2	1411
80.284	1	177
80.299	2	1412
80.324	2	1413
80.349	2	1414
80.351	3	166
80.374	2	1415
80.399	2	1416
80.424	2	1417
80.449	2	1418
80.474	2	1419
80.484	1	178
80.499	2	1420
80.524	2	1421
80.549	2	1422
80.565	3	167
80.574	2	1423
80.599	2	1424
80.624	2	1425
80.649	2	1426
80.674	2	1427
80.684	1	179
80.699	2	1428
80.724	2	1429
80.749	2	1430
80.774	2	1431
80.779	3	168
80.799	2	1432
80.824	2	1433
80.849	2	1434
80.874	2	1435
80.885	1	180
80.899	2	1436
80.924	2	1437
80.949	2	1438
80.974	2	1439
80.992	3	169
80.999	2	1440
81.024	2	1441
81.049	2	1442
81.074	2	1443
81.084	1	181
81.099	2	1444
81.124	2	1445
81.149	2	1446
81.174	2	1447
81.199	2	1448
81.206	3	170
81.224	2	1449
81.249	2	1450
81.274	2	1451
81.285	1	182
81.299	2	1452
81.324	2	1453
81.349	2	1454
81.374	2	1455
81.399	2	1456
81.419	3	171
81.424	2	1457
81.449	2	1458
81.474	2	1459
81.485	1	183
81.499	2	1460
81.524	2	1461
81.549	2	1462
81.574	2	1463
81.599	2	1464
81.624	2	1465
81.633	3	172
81.649	2	1466
81.674	2	1467
81.686	1	184
81.699	2	1468
81.724	2	1469
81.749	2	1470
81.774	2	1471
81.799	2	1472
81.824	2	1473
81.847	3	173
81.849	2	1474
81.874	2	1475
81.885	1	185
81.899	2	1476
81.924	2	1477
81.949	2	1478
81.974	2	1479
81.999	2	1480
82.024	2	1481
82.049	2	1482
82.061	3	174
82.074	2	1483
82.086	1	186
82.099	2	1484
82.124	2	1485
82.149	2	1486
82.174	2	1487
82.199	2	1488
82.224	2	1489
82.249	2	1490
82.274	2	1491
82.274	3	175
82.286	1	187
82.299	2	1492
82.324	2	1493
82.349	2	1494
82.374	2	1495
82.399	2	1496
82.424	2	1497
82.449	2	1498
82.474	2	1499
82.486	1	188
82.487	3	176
82.499	2	1500
82.524	2	1501
82.549	2	1502
82.574	2	1503
82.599	2	1504
82.624	2	1505
82.649	2	1506
82.674	2	1507
82.686	1	189
82.699	2	1508
82.701	3	177
82.724	2	1509
82.749	2	1510
82.774	2	1511
82.799	2	1512
82.824	2	1513
82.849	2	1514
82.874	2	1515
82.887	1	190
82.899	2	1516
82.915	3	178
82.924	2	1517
82.949	2	1518
82.974	2	1519
82.999	2	1520
83.024	2	1521
83.049	2	1522
83.074	2	1523
83.087	1	191
83.099	2	1524
83.124	2	1525
83.128	3	179
83.149	2	1526
83.174	2	1527
83.199	2	1528
83.224	2	1529
83.249	2	1530
83.274	2	1531
83.287	1	192
83.299	2	1532
83.324	2	1533
83.342	3	180
83.349	2	1534
83.374	2	1535
83.399	2	1536
83.424	2	1537
83.449	2	1538
83.474	2	1539
83.487	1	193
83.499	2	1540
83.524	2	1541
83.549	2	1542
83.556	3	181
83.574	2	1543
83.599	2	1544
83.624	2	1545
83.649	2	1546
83.674	2	1547
83.688	1	194
83.699	2	1548
83.724	2	1549
83.749	2	1550
83.769	3	182
83.774	2	1551
83.799	2	1552
83.824	2	1553
83.849	2	1554
83.874	2	1555
83.887	1	195
83.899	2	1556
83.924	2	1557
83.949	2	1558
83.974	2	1559
83.983	3	183
83.999	2	1560
84.024	2	1561
84.049	2	1562
84.074	2	1563
84.088	1	196
84.099	2	1564
84.124	2	1565
84.149	2	1566
84.174	2	1567
84.197	3	184
84.199	2	1568
84.224	2	1569
84.249	2	1570
84.274	2	1571
84.288	1	197
84.299	2	1572
84.324	2	1573
84.349	2	1574
84.374	2	1575
84.399	2	1576
84.410	3	185
84.424	2	1577
84.449	2	1578
84.474	2	1579
84.489	1	198
84.499	2	1580
84.524	2	1581
84.549	2	1582
84.574	2	1583
84.599	2	1584
84.624	2	1585
84.624	3	186
84.649	2	1586
84.674	2	1587
84.688	1	199
84.699	2	1588
84.724	2	1589
84.749	2	1590
84.774	2	1591
84.799	2	1592
84.824	2	1593
84.837	3	187
84.849	2	1594
84.874	2	1595
84.889	1	200
84.899	2	1596
84.924	2	1597
84.949	2	1598
84.974	2	1599
84.999	2	1600
85.024	2	1601
85.049	2	1602
85.051	3	188
85.074	2	1603
85.089	1	201
85.099	2	1604
85.124	2	1605
85.149	2	1606
85.174	2	1607
85.199	2	1608
85.224	2	1609
85.249	2	1610
85.265	3	189
85.274	2	1611
85.289	1	202
85.299	2	1612
85.324	2	1613
85.349	2	1614
85.374	2	1615
85.399	2	1616
85.424	2	1617
85.449	2	1618
85.474	2	1619
85.478	3	190
85.489	1	203
85.499	2	1620
85.524	2	1621
85.549	2	1622
85.574	2	1623
85.599	2	1624
85.624	2	1625
85.649	2	1626
85.674	2	1627
85.690	1	204
85.692	3	191
85.699	2	1628
85.724	2	1629
85.749	2	1630
85.774	2	1631
85.799	2	1632
85.824	2	1633
85.849	2	1634
85.874	2	1635
85.890	1	205
85.899	2	1636
85.906	3	192
85.924	2	1637
85.949	2	1638
85.974	2	1639
85.999	2	1640
86.024	2	1641
86.049	2	1642
86.074	2	1643
86.090	1	206
86.099	2	1644
86.119	3	193
86.124	2	1645
86.149	2	1646
86.174	2	1647
86.199	2	1648
86.224	2	1649
86.249	2	1650
86.274	2	1651
86.290	1	207
86.299	2	1652
86.324	2	1653
86.333	3	194
86.349	2	1654
86.374	2	1655
86.399	2	1656
86.424	2	1657
86.449	2	1658
86.474	2	1659
86.491	1	208
86.499	2	1660
86.524	2	1661
86.546	3	195
86.549	2	1662
86.574	2	1663
86.599	2	1664
86.624	2	1665
86.649	2	1666
86.674	2	1667
86.690	1	209
86.699	2	1668
86.724	2	1669
86.749	2	1670
86.760	3	196
86.774	2	1671
86.799	2	1672
86.824	2	1673
86.849	2	1674
86.874	2	1675
86.891	1	210
86.899	2	1676
86.924	2	1677
86.949	2	1678
86.974	2	1679
86.974	3	197
86.999	2	1680
87.024	2	1681
87.049	2	1682
87.074	2	1683
87.091	1	211
87.099	2	1684
87.124	2	1685
87.149	2	1686
87.174	2	1687
87.188	3	198
87.199	2	1688
87.224	2	1689
87.249	2	1690
87.274	2	1691
87.291	1	212
87.299	2	1692
87.324	2	1693
87.349	2	1694
87.374	2	1695
87.399	2	1696
87.401	3	199
87.424	2	1697
87.449	2	1698
87.474	2	1699
87.491	1	213
87.499	2	1700
87.524	2	1701
87.549	2	1702
87.574	2	1703
87.599	2	1704
87.615	3	200
87.624	2	1705
87.649	2	1706
87.674	2	1707
87.692	1	214
87.699	2	1708
87.724	2	1709
87.749	2	1710
87.774	2	1711
87.799	2	1712
87.824	2	1713
87.828	3	201
87.849	2	1714
87.874	2	1715
87.892	1	215
87.899	2	1716
87.924	2	1717
87.949	2	1718
87.974	2	1719
87.999	2	1720
88.024	2	1721
88.042	3	202
88.049	2	1722
88.074	2	1723
88.092	1	216
88.099	2	1724
88.124	2	1725
88.149	2	1726
88.174	2	1727
88.199	2	1728
88.224	2	1729
88.249	2	1730
88.256	3	203
88.274	2	1731
88.292	1	217
88.299	2	1732
88.324	2	1733
88.349	2	1734
88.374	2	1735
88.399	2	1736
88.424	2	1737
88.449	2	1738
88.469	3	204
88.474	2	1739
88.493	1	218
88.499	2	1740
88.524	2	1741
88.549	2	1742
88.574	2	1743
88.599	2	1744
88.624	2	1745
88.649	2	1746
88.674	2	1747
88.683	3	205
88.692	1	219
88.699	2	1748
88.724	2	1749
88.749	2	1750
88.774	2	1751
88.799	2	1752
88.824	2	1753
88.849	2	1754
88.874	2	1755
88.893	1	220
88.897	3	206
88.899	2	1756
88.924	2	1757
88.949	2	1758
88.974	2	1759
88.999	2	1760
89.024	2	1761
89.049	2	1762
89.074	2	1763
89.093	1	221
89.099	2	1764
89.110	3	207
89.124	2	1765
89.149	2	1766
89.174	2	1767
89.199	2	1768
89.224	2	1769
89.249	2	1770
89.274	2	1771
89.294	1	222
89.299	2	1772
89.323	3	208
89.324	2	1773
89.349	2	1774
89.374	2	1775
89.399	2	1776
89.424	2	1777
89.449	2	1778
89.474	2	1779
89.493	1	223
89.499	2	1780
89.524	2	1781
89.537	3	209
89.549	2	1782
89.574	2	1783
89.599	2	1784
89.624	2	1785
89.649	2	1786
89.674	2	1787
89.694	1	224
89.699	2	1788
89.724	2	1789
89.749	2	1790
89.751	3	210
89.774	2	1791
89.799	2	1792
89.824	2	1793
89.849	2	1794
89.874	2	1795
89.894	1	225
89.899	2	1796
89.924	2	1797
89.949	2	1798
89.965	3	211
89.974	2	1799
89.999	2	1800
90.024	2	1801
90.049	2	1802
90.074	2	1803
90.094	1	226
90.099	2	1804
90.124	2	1805
90.149	2	1806
90.174	2	1807
90.178	3	212
90.199	2	1808
90.224	2	1809
90.249	2	1810
90.274	2	1811
90.294	1	227
90.299	2	1812
90.324	2	1813
90.349	2	1814
90.374	2	1815
90.392	3	213
90.399	2	1816
90.424	2	1817
90.449	2	1818
90.474	2	1819
90.495	1	228
90.499	2	1820
90.524	2	1821
90.549	2	1822
90.574	2	1823
90.599	2	1824
90.605	3	214
90.624	2	1825
90.649	2	1826
90.674	2	1827
90.695	1	229
90.699	2	1828
90.724	2	1829
90.749	2	1830
90.774	2	1831
90.799	2	1832
90.819	3	215
90.824	2	1833
90.849	2	1834
90.874	2	1835
90.895	1	230
90.899	2	1836
90.924	2	1837
90.949	2	1838
90.974	2	1839
90.999	2	1840
91.024	2	1841
91.033	3	216
91.049	2	1842
91.074	2	1843
91.095	1	231
91.099	2	1844
91.124	2	1845
91.149	2	1846
91.174	2	1847
91.199	2	1848
91.224	2	1849
91.246	3	217
91.249	2	1850
91.274	2	1851
91.296	1	232
91.299	2	1852
91.324	2	1853
91.349	2	1854
91.374	2	1855
91.399	2	1856
91.424	2	1857
91.449	2	1858
91.460	3	218
91.474	2	1859
91.495	1	233
91.499	2	1860
91.524	2	1861
91.549	2	1862
91.574	2	1863
91.599	2	1864
91.624	2	1865
91.649	2	1866
91.674	2	1867
91.674	3	219
91.696	1	234
91.699	2	1868
91.724	2	1869
91.749	2	1870
91.774	2	1871
91.799	2	1872
91.824	2	1873
91.849	2	1874
91.874	2	1875
91.888	3	220
91.896	1	235
91.899	2	1876
91.924	2	1877
91.949	2	1878
91.974	2	1879
91.999	2	1880
92.024	2	1881
92.049	2	1882
92.074	2	1883
92.096	1	236
92.099	2	1884
92.101	3	221
92.124	2	1885
92.149	2	1886
92.174	2	1887
92.199	2	1888
92.224	2	1889
92.249	2	1890
92.274	2	1891
92.296	1	237
92.299	2	1892
92.314	3	222
92.324	2	1893
92.349	2	1894
92.374	2	1895
92.399	2	1896
92.424	2	1897
92.449	2	1898
92.474	2	1899
92.497	1	238
92.499	2	1900
92.524	2	1901
92.528	3	223
92.549	2	1902
92.574	2	1903
92.599	2	1904
92.624	2	1905
92.649	2	1906
92.674	2	1907
92.697	1	239
92.699	2	1908
92.724	2	1909
92.742	3	224
92.749	2	1910
92.774	2	1911
92.799	2	1912
92.824	2	1913
92.849	2	1914
92.874	2	1915
92.897	1	240
92.899	2	1916
92.924	2	1917
92.949	2	1918
92.956	3	225
92.974	2	1919
92.999	2	1920
93.024	2	1921
93.049	2	1922
93.074	2	1923
93.097	1	241
93.099	2	1924
93.124	2	1925
93.149	2	1926
93.169	3	226
93.174	2	1927
93.199	2	1928
93.224	2	1929
93.249	2	1930
93.274	2	1931
93.298	1	242
93.299	2	1932
93.324	2	1933
93.349	2	1934
93.374	2	1935
93.383	3	227
93.399	2	1936
93.424	2	1937
93.449	2	1938
93.474	2	1939
93.497	1	243
93.499	2	1940
93.524	2	1941
93.549	2	1942
93.574	2	1943
93.596	3	228
93.599	2	1944
93.624	2	1945
93.649	2	1946
93.674	2	1947
93.698	1	244
93.699	2	1948
93.724	2	1949
93.749	2	1950
93.774	2	1951
93.799	2	1952
93.810	3	229
93.824	2	1953
93.849	2	1954
93.874	2	1955
93.898	1	245
93.899	2	1956
93.924	2	1957
93.949	2	1958
93.974	2	1959
93.999	2	1960
94.023	3	230
94.024	2	1961
94.049	2	1962
94.074	2	1963
94.099	1	246
94.099	2	1964
94.124	2	1965
94.149	2	1966
94.174	2	1967
94.199	2	1968
94.224	2	1969
94.237	3	231
94.249	2	1970
94.274	2	1971
94.298	1	247
94.299	2	1972
94.324	2	1973
94.349	2	1974
94.374	2	1975
94.399	2	1976
94.424	2	1977
94.449	2	1978
94.451	3	232
94.474	2	1979
94.499	1	248
94.499	2	1980
94.524	2	1981
94.549	2	1982
94.574	2	1983
94.599	2	1984
94.624	2	1985
94.649	2	1986
94.665	3	233
94.674	2	1987
94.699	1	249
94.699	2	1988
94.724	2	1989
94.749	2	1990
94.774	2	1991
94.799	2	1992
94.824	2	1993
94.849	2	1994
94.874	2	1995
94.878	3	234
94.899	1	250
94.899	2	1996
94.924	2	1997
94.949	2	1998
94.974	2	1999
94.999	2	2000
95.024	2	2001
95.049	2	2002
95.074	2	2003
95.092	3	235
95.099	1	251
95.099	2	2004
95.124	2	2005
95.149	2	2006
95.174	2	2007
95.199	2	2008
95.224	2	2009
95.249	2	2010
95.274	2	2011
95.299	2	2012
95.300	1	252
95.306	3	236
95.324	2	2013
95.349	2	2014
95.374	2	2015
95.399	2	2016
95.424	2	2017
95.449	2	2018
95.474	2	2019
95.499	2	2020
95.500	1	253
95.519	3	237
95.524	2	2021
95.549	2	2022
95.574	2	2023
95.599	2	2024
95.624	2	2025
95.649	2	2026
95.674	2	2027
95.699	2	2028
95.700	1	254
95.724	2	2029
95.732	3	238
95.749	2	2030
95.774	2	2031
95.799	2	2032
95.824	2	2033
95.849	2	2034
95.874	2	2035
95.899	2	2036
95.900	1	255
95.924	2	2037
95.946	3	239
95.949	2	2038
95.974	2	2039
95.999	2	2040
96.024	2	2041
96.049	2	2042
96.074	2	2043
96.099	2	2044
96.101	1	256
96.124	2	2045
96.149	2	2046
96.160	3	240
96.174	2	2047
96.199	2	2048
96.224	2	2049
96.249	2	2050
96.274	2	2051
96.299	2	2052
96.300	1	257
96.324	2	2053
96.349	2	2054
96.373	3	241
96.374	2	2055
96.399	2	2056
96.424	2	2057
96.449	2	2058
96.474	2	2059
96.499	2	2060
96.501	1	258
96.524	2	2061
96.549	2	2062
96.574	2	2063
96.587	3	242
96.599	2	2064
96.624	2	2065
96.649	2	2066
96.674	2	2067
96.699	2	2068
96.701	1	259
96.724	2	2069
96.749	2	2070
96.774	2	2071
96.799	2	2072
96.801	3	243
96.824	2	2073
96.849	2	2074
96.874	2	2075
96.899	2	2076
96.902	1	260
96.924	2	2077
96.949	2	2078
96.974	2	2079
96.999	2	2080
97.014	3	244
97.024	2	2081
97.049	2	2082
97.074	2	2083
97.099	2	2084
97.101	1	261
97.124	2	2085
97.149	2	2086
97.174	2	2087
97.199	2	2088
97.224	2	2089
97.228	3	245
97.249	2	2090
97.274	2	2091
97.299	2	2092
97.302	1	262
97.324	2	2093
97.349	2	2094
97.374	2	2095
97.399	2	2096
97.424	2	2097
97.442	3	246
97.449	2	2098
97.474	2	2099
97.499	2	2100
97.501	1	263
97.524	2	2101
97.549	2	2102
97.574	2	2103
97.599	2	2104
97.624	2	2105
97.649	2	2106
97.655	3	247
97.674	2	2107
97.699	2	2108
97.702	1	264
97.724	2	2109
97.749	2	2110
97.774	2	2111
97.799	2	2112
97.824	2	2113
97.849	2	2114
97.869	3	248
97.874	2	2115
97.899	2	2116
97.902	1	265
97.924	2	2117
97.949	2	2118
97.974	2	2119
97.999	2	2120
98.024	2	2121
98.049	2	2122
98.074	2	2123
98.082	3	249
98.099	2	2124
98.103	1	266
98.124	2	2125
98.149	2	2126
98.174	2	2127
98.199	2	2128
98.224	2	2129
98.249	2	2130
98.274	2	2131
98.296	3	250
98.299	2	2132
98.302	1	267
98.324	2	2133
98.349	2	2134
98.374	2	2135
98.399	2	2136
98.424	2	2137
98.449	2	2138
98.474	2	2139
98.499	2	2140
98.503	1	268
98.510	3	251
98.524	2	2141
98.549	2	2142
98.574	2	2143
98.599	2	2144
98.624	2	2145
98.649	2	2146
98.674	2	2147
98.699	2	2148
98.703	1	269
98.723	3	252
98.724	2	2149
98.749	2	2150
98.774	2	2151
98.799	2	2152
98.824	2	2153
98.849	2	2154
98.874	2	2155
98.899	2	2156
98.904	1	270
98.924	2	2157
98.937	3	253
98.949	2	2158
98.974	2	2159
98.999	2	2160
99.024	2	2161
99.049	2	2162
99.074	2	2163
99.099	2	2164
99.103	1	271
99.124	2	2165
99.149	2	2166
99.150	3	254
99.174	2	2167
99.199	2	2168
99.224	2	2169
99.249	2	2170
99.274	2	2171
99.299	2	2172
99.304	1	272
99.324	2	2173
99.349	2	2174
99.364	3	255
99.374	2	2175
99.399	2	2176
99.424	2	2177
99.449	2	2178
99.474	2	2179
99.499	2	2180
99.504	1	273
99.524	2	2181
99.549	2	2182
99.574	2	2183
99.578	3	256
99.599	2	2184
99.624	2	2185
99.649	2	2186
99.674	2	2187
99.699	2	2188
99.704	1	274
99.724	2	2189
99.749	2	2190
99.774	2	2191
99.792	3	257
99.799	2	2192
99.824	2	2193
99.849	2	2194
99.874	2	2195
99.899	2	2196
99.904	1	275
99.924	2	2197
99.949	2	2198
99.974	2	2199
99.999	2	2200
100.006	3	258
100.024	2	2201
100.049	2	2202
100.074	2	2203
100.099	2	2204
100.105	1	276
100.124	2	2205
100.149	2	2206
100.174	2	2207
100.199	2	2208
100.219	3	259
100.224	2	2209
100.249	2	2210
100.274	2	2211
100.299	2	2212
100.305	1	277
100.324	2	2213
100.349	2	2214
100.374	2	2215
100.399	2	2216
100.424	2	2217
100.433	3	260
100.449	2	2218
100.474	2	2219
100.499	2	2220
100.505	1	278
100.524	2	2221
100.549	2	2222
100.574	2	2223
100.599	2	2224
100.624	2	2225
100.646	3	261
100.649	2	2226
100.674	2	2227
100.699	2	2228
100.705	1	279
100.724	2	2229
100.749	2	2230
100.774	2	2231
100.799	2	2232
100.824	2	2233
100.849	2	2234
100.860	3	262
100.874	2	2235
100.899	2	2236
100.906	1	280
100.924	2	2237
100.949	2	2238
100.974	2	2239
100.999	2	2240
101.024	2	2241
101.049	2	2242
101.074	2	2243
101.074	3	263
101.099	2	2244
101.105	1	281
101.124	2	2245
101.149	2	2246
101.174	2	2247
101.199	2	2248
101.224	2	2249
101.249	2	2250
101.274	2	2251
101.287	3	264
101.299	2	2252
101.306	1	282
101.324	2	2253
101.349	2	2254
101.374	2	2255
101.399	2	2256
101.424	2	2257
101.449	2	2258
101.474	2	2259
101.499	2	2260
101.500	3	265
101.506	1	283
101.524	2	2261
101.549	2	2262
101.574	2	2263
101.599	2	2264
101.624	2	2265
101.649	2	2266
101.674	2	2267
101.699	2	2268
101.707	1	284
101.714	3	266
101.724	2	2269
101.749	2	2270
101.774	2	2271
101.799	2	2272
101.824	2	2273
101.849	2	2274
101.874	2	2275
101.899	2	2276
101.906	1	285
101.924	2	2277
101.928	3	267
101.949	2	2278
101.974	2	2279
101.999	2	2280
102.024	2	2281
102.049	2	2282
102.074	2	2283
102.099	2	2284
102.107	1	286
102.124	2	2285
102.141	3	268
102.149	2	2286
102.174	2	2287
102.199	2	2288
102.224	2	2289
102.249	2	2290
102.274	2	2291
102.299	2	2292
102.307	1	287
102.324	2	2293
102.349	2	2294
102.355	3	269
102.374	2	2295
102.399	2	2296
102.424	2	2297
102.449	2	2298
102.474	2	2299
102.499	2	2300
102.507	1	288
102.524	2	2301
102.549	2	2302
102.569	3	270
102.574	2	2303
102.599	2	2304
102.624	2	2305
102.649	2	2306
102.674	2	2307
102.699	2	2308
102.707	1	289
102.724	2	2309
102.749	2	2310
102.774	2	2311
102.782	3	271
102.799	2	2312
102.824	2	2313
102.849	2	2314
102.874	2	2315
102.899	2	2316
102.908	1	290
102.924	2	2317
102.949	2	2318
102.974	2	2319
102.996	3	272
102.999	2	2320
103.024	2	2321
103.049	2	2322
103.074	2	2323
103.099	2	2324
103.108	1	291
103.124	2	2325
103.149	2	2326
103.174	2	2327
103.199	2	2328
103.209	3	273
103.224	2	2329
103.249	2	2330
103.274	2	2331
103.299	2	2332
103.308	1	292
103.324	2	2333
103.349	2	2334
103.374	2	2335
103.399	2	2336
103.423	3	274
103.424	2	2337
103.449	2	2338
103.474	2	2339
103.499	2	2340
103.508	1	293
103.524	2	2341
103.549	2	2342
103.574	2	2343
103.599	2	2344
103.624	2	2345
103.637	3	275
103.649	2	2346
103.674	2	2347
103.699	2	2348
103.709	1	294
103.724	2	2349
103.749	2	2350
103.774	2	2351
103.799	2	2352
103.824	2	2353
103.849	2	2354
103.850	3	276
103.874	2	2355
103.899	2	2356
103.908	1	295
103.924	2	2357
103.949	2	2358
103.974	2	2359
103.999	2	2360
104.024	2	2361
104.049	2	2362
104.064	3	277
104.074	2	2363
104.099	2	2364
104.109	1	296
104.124	2	2365
104.149	2	2366
104.174	2	2367
104.199	2	2368
104.224	2	2369
104.249	2	2370
104.274	2	2371
104.278	3	278
104.299	2	2372
104.309	1	297
104.324	2	2373
104.349	2	2374
104.374	2	2375
104.399	2	2376
104.424	2	2377
104.449	2	2378
104.474	2	2379
104.491	3	279
104.499	2	2380
104.509	1	298
104.524	2	2381
104.549	2	2382
104.574	2	2383
104.599	2	2384
104.624	2	2385
104.649	2	2386
104.674	2	2387
104.699	2	2388
104.705	3	280
104.709	1	299
104.724	2	2389
104.749	2	2390
104.774	2	2391
104.799	2	2392
104.824	2	2393
104.849	2	2394
104.874	2	2395
104.899	2	2396
104.910	1	300
104.919	3	281
104.924	2	2397
104.949	2	2398
104.974	2	2399
104.999	2	2400
105.024	2	2401
105.049	2	2402
105.074	2	2403
105.099	2	2404
105.110	1	301
105.124	2	2405
105.133	3	282
105.149	2	2406
105.174	2	2407
105.199	2	2408
105.224	2	2409
105.249	2	2410
105.274	2	2411
105.299	2	2412
105.310	1	302
105.324	2	2413
105.346	3	283
105.349	2	2414
105.374	2	2415
105.399	2	2416
105.424	2	2417
105.449	2	2418
105.474	2	2419
105.499	2	2420
105.510	1	303
105.524	2	2421
105.549	2	2422
105.559	3	284
105.574	2	2423
105.599	2	2424
105.624	2	2425
105.649	2	2426
105.674	2	2427
105.699	2	2428
105.711	1	304
105.724	2	2429
105.749	2	2430
105.773	3	285
105.774	2	2431
105.799	2	2432
105.824	2	2433
105.849	2	2434
105.874	2	2435
105.899	2	2436
105.910	1	305
105.924	2	2437
105.949	2	2438
105.974	2	2439
105.987	3	286
105.999	2	2440
106.024	2	2441
106.049	2	2442
106.074	2	2443
106.099	2	2444
106.111	1	306
106.124	2	2445
106.149	2	2446
106.174	2	2447
106.199	2	2448
106.200	3	287
106.224	2	2449
106.249	2	2450
106.274	2	2451
106.299	2	2452
106.311	1	307
106.324	2	2453
106.349	2	2454
106.374	2	2455
106.399	2	2456
106.414	3	288
106.424	2	2457
106.449	2	2458
106.474	2	2459
106.499	2	2460
106.512	1	308
106.524	2	2461
106.549	2	2462
106.574	2	2463
106.599	2	2464
106.624	2	2465
106.628	3	289
106.649	2	2466
106.674	2	2467
106.699	2	2468
106.711	1	309
106.724	2	2469
106.749	2	2470
106.774	2	2471
106.799	2	2472
106.824	2	2473
106.841	3	290
106.849	2	2474
106.874	2	2475
106.899	2	2476
106.912	1	310
106.924	2	2477
106.949	2	2478
106.974	2	2479
106.999	2	2480
107.024	2	2481
107.049	2	2482
107.055	3	291
107.074	2	2483
107.099	2	2484
107.112	1	311
107.124	2	2485
107.149	2	2486
107.174	2	2487
107.199	2	2488
107.224	2	2489
107.249	2	2490
107.269	3	292
107.274	2	2491
107.299	2	2492
107.312	1	312
107.324	2	2493
107.349	2	2494
107.374	2	2495
107.399	2	2496
107.424	2	2497
107.449	2	2498
107.474	2	2499
107.482	3	293
107.499	2	2500
107.512	1	313
107.524	2	2501
107.549	2	2502
107.574	2	2503
107.599	2	2504
107.624	2	2505
107.649	2	2506
107.674	2	2507
107.696	3	294
107.699	2	2508
107.713	1	314
107.724	2	2509
107.749	2	2510
107.774	2	2511
107.799	2	2512
107.824	2	2513
107.849	2	2514
107.874	2	2515
107.899	2	2516
107.909	3	295
107.913	1	315
107.924	2	2517
107.949	2	2518
107.974	2	2519
107.999	2	2520
108.024	2	2521
108.049	2	2522
108.074	2	2523
108.099	2	2524
108.113	1	316
108.123	3	296
108.124	2	2525
108.149	2	2526
108.174	2	2527
108.199	2	2528
108.224	2	2529
108.249	2	2530
108.274	2	2531
108.299	2	2532
108.313	1	317
108.324	2	2533
108.337	3	297
108.349	2	2534
108.374	2	2535
108.399	2	2536
108.424	2	2537
108.449	2	2538
108.474	2	2539
108.499	2	2540
108.514	1	318
108.524	2	2541
108.549	2	2542
108.550	3	298
108.574	2	2543
108.599	2	2544
108.624	2	2545
108.649	2	2546
108.674	2	2547
108.699	2	2548
108.713	1	319
108.724	2	2549
108.749	2	2550
108.764	3	299
108.774	2	2551
108.799	2	2552
108.824	2	2553
108.849	2	2554
108.874	2	2555
108.899	2	2556
108.914	1	320
108.924	2	2557
108.949	2	2558
108.974	2	2559
108.977	3	300
108.999	2	2560
109.024	2	2561
109.049	2	2562
109.074	2	2563
109.099	2	2564
109.114	1	321
109.124	2	2565
109.149	2	2566
109.174	2	2567
109.191	3	301
109.199	2	2568
109.224	2	2569
109.249	2	2570
109.274	2	2571
109.299	2	2572
109.314	1	322
109.324	2	2573
109.349	2	2574
109.374	2	2575
109.399	2	2576
109.405	3	302
109.424	2	2577
109.449	2	2578
109.474	2	2579
109.499	2	2580
109.514	1	323
109.524	2	2581
109.549	2	2582
109.574	2	2583
109.599	2	2584
109.619	3	303
109.624	2	2585
109.649	2	2586
109.674	2	2587
109.699	2	2588
109.715	1	324
109.724	2	2589
109.749	2	2590
109.774	2	2591
109.799	2	2592
109.824	2	2593
109.832	3	304
109.849	2	2594
109.874	2	2595
109.899	2	2596
109.915	1	325
109.924	2	2597
109.949	2	2598
109.974	2	2599
109.999	2	2600
110.024	2	2601
110.046	3	305
110.049	2	2602
110.074	2	2603
110.099	2	2604
110.115	1	326
110.124	2	2605
110.149	2	2606
110.174	2	2607
110.199	2	2608
110.224	2	2609
110.249	2	2610
110.260	3	306
110.274	2	2611
110.299	2	2612
110.315	1	327
110.324	2	2613
110.349	2	2614
110.374	2	2615
110.399	2	2616
110.424	2	2617
110.449	2	2618
110.473	3	307
110.474	2	2619
110.499	2	2620
110.516	1	328
110.524	2	2621
110.549	2	2622
110.574	2	2623
110.599	2	2624
110.624	2	2625
110.649	2	2626
110.674	2	2627
110.687	3	308
110.699	2	2628
110.715	1	329
110.724	2	2629
110.749	2	2630
110.774	2	2631
110.799	2	2632
110.824	2	2633
110.849	2	2634
110.874	2	2635
110.899	2	2636
110.900	3	309
110.916	1	330
110.924	2	2637
110.949	2	2638
110.974	2	2639
110.999	2	2640
111.024	2	2641
111.049	2	2642
111.074	2	2643
111.099	2	2644
111.114	3	310
111.116	1	331
111.124	2	2645
111.149	2	2646
111.174	2	2647
111.199	2	2648
111.224	2	2649
111.249	2	2650
111.274	2	2651
111.299	2	2652
111.317	1	332
111.324	2	2653
111.327	3	311
111.349	2	2654
111.374	2	2655
111.399	2	2656
111.424	2	2657
111.449	2	2658
111.474	2	2659
111.499	2	2660
111.516	1	333
111.524	2	2661
111.541	3	312
111.549	2	2662
111.574	2	2663
111.599	2	2664
111.624	2	2665
111.649	2	2666
111.674	2	2667
111.699	2	2668
111.717	1	334
111.724	2	2669
111.749	2	2670
111.755	3	313
111.774	2	2671
111.799	2	2672
111.824	2	2673
111.849	2	2674
111.874	2	2675
111.899	2	2676
111.917	1	335
111.924	2	2677
111.949	2	2678
111.968	3	314
111.974	2	2679
111.999	2	2680
112.024	2	2681
112.049	2	2682
112.074	2	2683
112.099	2	2684
112.117	1	336
112.124	2	2685
112.149	2	2686
112.174	2	2687
112.182	3	315
112.199	2	2688
112.224	2	2689
112.249	2	2690
112.274	2	2691
112.299	2	2692
112.317	1	337
112.324	2	2693
112.349	2	2694
112.374	2	2695
112.395	3	316
112.399	2	2696
112.424	2	2697
112.449	2	2698
112.474	2	2699
112.499	2	2700
112.518	1	338
112.524	2	2701
112.549	2	2702
112.574	2	2703
112.599	2	2704
112.609	3	317
112.624	2	2705
112.649	2	2706
112.674	2	2707
112.699	2	2708
112.718	1	339
112.724	2	2709
112.749	2	2710
112.774	2	2711
112.799	2	2712
112.823	3	318
112.824	2	2713
112.849	2	2714
112.874	2	2715
112.899	2	2716
112.918	1	340
112.924	2	2717
112.949	2	2718
112.974	2	2719
112.999	2	2720
113.024	2	2721
113.036	3	319
113.049	2	2722
113.074	2	2723
113.099	2	2724
113.118	1	341
113.124	2	2725
113.149	2	2726
113.174	2	2727
113.199	2	2728
113.224	2	2729
113.249	2	2730
113.250	3	320
113.274	2	2731
113.299	2	2732
113.319	1	342
113.324	2	2733
113.349	2	2734
113.374	2	2735
113.399	2	2736
113.424	2	2737
113.449	2	2738
113.464	3	321
113.474	2	2739
113.499	2	2740
113.518	1	343
113.524	2	2741
113.549	2	2742
113.574	2	2743
113.599	2	2744
113.624	2	2745
113.649	2	2746
113.674	2	2747
113.678	3	322
113.699	2	2748
113.719	1	344
113.724	2	2749
113.749	2	2750
113.774	2	2751
113.799	2	2752
113.824	2	2753
113.849	2	2754
113.874	2	2755
113.891	3	323
113.899	2	2756
113.919	1	345
113.924	2	2757
113.949	2	2758
113.974	2	2759
113.999	2	2760
114.024	2	2761
114.049	2	2762
114.074	2	2763
114.099	2	2764
114.105	3	324
114.119	1	346
114.124	2	2765
114.149	2	2766
114.174	2	2767
114.199	2	2768
114.224	2	2769
114.249	2	2770
114.274	2	2771
114.299	2	2772
114.318	3	325
114.319	1	347
114.324	2	2773
114.349	2	2774
114.374	2	2775
114.399	2	2776
114.424	2	2777
114.449	2	2778
114.474	2	2779
114.499	2	2780
114.520	1	348
114.524	2	2781
114.532	3	326
114.549	2	2782
114.574	2	2783
114.599	2	2784
114.624	2	2785
114.649	2	2786
114.674	2	2787
114.699	2	2788
114.720	1	349
114.724	2	2789
114.745	3	327
114.749	2	2790
114.774	2	2791
114.799	2	2792
114.824	2	2793
114.849	2	2794
114.874	2	2795
114.899	2	2796
114.920	1	350
114.924	2	2797
114.949	2	2798
114.959	3	328
114.974	2	2799
114.999	2	2800
115.024	2	2801
115.049	2	2802
115.074	2	2803
115.099	2	2804
115.120	1	351
115.124	2	2805
115.149	2	2806
115.173	3	329
115.174	2	2807
115.199	2	2808
115.224	2	2809
115.249	2	2810
115.274	2	2811
115.299	2	2812
115.321	1	352
115.324	2	2813
115.349	2	2814
115.374	2	2815
115.386	3	330
115.399	2	2816
115.424	2	2817
115.449	2	2818
115.474	2	2819
115.499	2	2820
115.520	1	353
115.524	2	2821
115.549	2	2822
115.574	2	2823
115.599	2	2824
115.600	3	331
115.624	2	2825
115.649	2	2826
115.674	2	2827
115.699	2	2828
115.721	1	354
115.724	2	2829
115.749	2	2830
115.774	2	2831
115.799	2	2832
115.814	3	332
115.824	2	2833
115.849	2	2834
115.874	2	2835
115.899	2	2836
115.921	1	355
115.924	2	2837
115.949	2	2838
115.974	2	2839
115.999	2	2840
116.024	2	2841
116.028	3	333
116.049	2	2842
116.074	2	2843
116.099	2	2844
116.122	1	356
116.124	2	2845
116.149	2	2846
116.174	2	2847
116.199	2	2848
116.224	2	2849
116.241	3	334
116.249	2	2850
116.274	2	2851
116.299	2	2852
116.321	1	357
116.324	2	2853
116.349	2	2854
116.374	2	2855
116.399	2	2856
116.424	2	2857
116.449	2	2858
116.454	3	335
116.474	2	2859
116.499	2	2860
116.522	1	358
116.524	2	2861
116.549	2	2862
116.574	2	2863
116.599	2	2864
116.624	2	2865
116.649	2	2866
116.668	3	336
116.674	2	2867
116.699	2	2868
116.722	1	359
116.724	2	2869
116.749	2	2870
116.774	2	2871
116.799	2	2872
116.824	2	2873
116.849	2	2874
116.874	2	2875
116.882	3	337
116.899	2	2876
116.922	1	360
116.924	2	2877
116.949	2	2878
116.974	2	2879
116.999	2	2880
117.024	2	2881
117.049	2	2882
117.074	2	2883
117.095	3	338
117.099	2	2884
117.122	1	361
117.124	2	2885
117.149	2	2886
117.174	2	2887
117.199	2	2888
117.224	2	2889
117.249	2	2890
117.274	2	2891
117.299	2	2892
117.309	3	339
117.323	1	362
117.324	2	2893
117.349	2	2894
117.374	2	2895
117.399	2	2896
117.424	2	2897
117.449	2	2898
117.474	2	2899
117.499	2	2900
117.523	1	363
117.523	3	340
117.524	2	2901
117.549	2	2902
117.574	2	2903
117.599	2	2904
117.624	2	2905
117.649	2	2906
117.674	2	2907
117.699	2	2908
117.723	1	364
117.724	2	2909
117.736	3	341
117.749	2	2910
117.774	2	2911
117.799	2	2912
117.824	2	2913
117.849	2	2914
117.874	2	2915
117.899	2	2916
117.923	1	365
117.924	2	2917
117.949	2	2918
117.950	3	342
117.974	2	2919
117.999	2	2920
118.024	2	2921
118.049	2	2922
118.074	2	2923
118.099	2	2924
118.124	1	366
118.124	2	2925
118.149	2	2926
118.163	3	343
118.174	2	2927
118.199	2	2928
118.224	2	2929
118.249	2	2930
118.274	2	2931
118.299	2	2932
118.323	1	367
118.324	2	2933
118.349	2	2934
118.374	2	2935
118.377	3	344
118.399	2	2936
118.424	2	2937
118.449	2	2938
118.474	2	2939
118.499	2	2940
118.524	1	368
118.524	2	2941
118.549	2	2942
118.574	2	2943
118.591	3	345
118.599	2	2944
118.624	2	2945
118.649	2	2946
118.674	2	2947
118.699	2	2948
118.724	1	369
118.724	2	2949
118.749	2	2950
118.774	2	2951
118.799	2	2952
118.804	3	346
118.824	2	2953
118.849	2	2954
118.874	2	2955
118.899	2	2956
118.924	1	370
118.924	2	2957
118.949	2	2958
118.974	2	2959
118.999	2	2960
119.018	3	347
119.024	2	2961
119.049	2	2962
119.074	2	2963
119.099	2	2964
119.124	1	371
119.124	2	2965
119.149	2	2966
119.174	2	2967
119.199	2	2968
119.224	2	2969
119.232	3	348
119.249	2	2970
119.274	2	2971
119.299	2	2972
119.324	2	2973
119.325	1	372
119.349	2	2974
119.374	2	2975
119.399	2	2976
119.424	2	2977
119.445	3	349
119.449	2	2978
119.474	2	2979
119.499	2	2980
119.524	2	2981
119.525	1	373
119.549	2	2982
119.574	2	2983
119.599	2	2984
119.624	2	2985
119.649	2	2986
119.659	3	350
119.674	2	2987
119.699	2	2988
119.724	2	2989
119.725	1	374
119.749	2	2990
119.774	2	2991
119.799	2	2992
119.824	2	2993
119.849	2	2994
119.873	3	351
119.874	2	2995
119.899	2	2996
119.924	2	2997
119.925	1	375
119.949	2	2998
119.974	2	2999
119.999	2	3000
120.024	2	3001
120.049	2	3002
120.074	2	3003
120.086	3	352
120.099	2	3004
120.124	2	3005
120.126	1	376
120.149	2	3006
120.174	2	3007
120.199	2	3008
120.224	2	3009
120.249	2	3010
120.274	2	3011
120.299	2	3012
120.300	3	353
120.324	2	3013
120.325	1	377
120.349	2	3014
120.374	2	3015
120.399	2	3016
120.424	2	3017
120.449	2	3018
120.474	2	3019
120.499	2	3020
120.514	3	354
120.524	2	3021
120.526	1	378
120.549	2	3022
120.574	2	3023
120.599	2	3024
120.624	2	3025
120.649	2	3026
120.674	2	3027
120.699	2	3028
120.724	2	3029
120.726	1	379
120.727	3	355
120.749	2	3030
120.774	2	3031
120.799	2	3032
120.824	2	3033
120.849	2	3034
120.874	2	3035
120.899	2	3036
120.924	2	3037
120.927	1	380
120.941	3	356
120.949	2	3038
120.974	2	3039
120.999	2	3040
121.024	2	3041
121.049	2	3042
121.074	2	3043
121.099	2	3044
121.124	2	3045
121.126	1	381
121.149	2	3046
121.154	3	357
121.174	2	3047
121.199	2	3048
121.224	2	3049
121.249	2	3050
121.274	2	3051
121.299	2	3052
121.324	2	3053
121.327	1	382
121.349	2	3054
121.368	3	358
121.374	2	3055
121.399	2	3056
121.424	2	3057
121.449	2	3058
121.474	2	3059
121.499	2	3060
121.524	2	3061
121.527	1	383
121.549	2	3062
121.574	2	3063
121.582	3	359
121.599	2	3064
121.624	2	3065
121.649	2	3066
121.674	2	3067
121.699	2	3068
121.724	2	3069
121.727	1	384
121.749	2	3070
121.774	2	3071
121.796	3	360
121.799	2	3072
121.824	2	3073
121.849	2	3074
121.874	2	3075
121.899	2	3076
121.924	2	3077
121.927	1	385
121.949	2	3078
121.974	2	3079
121.999	2	3080
122.009	3	361
122.024	2	3081
122.049	2	3082
122.074	2	3083
122.099	2	3084
122.124	2	3085
122.128	1	386
122.149	2	3086
122.174	2	3087
122.199	2	3088
122.222	3	362
122.224	2	3089
122.249	2	3090
122.274	2	3091
122.299	2	3092
122.324	2	3093
122.328	1	387
122.349	2	3094
122.374	2	3095
122.399	2	3096
122.424	2	3097
122.436	3	363
122.449	2	3098
122.474	2	3099
122.499	2	3100
122.524	2	3101
122.528	1	388
122.549	2	3102
122.574	2	3103
122.599	2	3104
122.624	2	3105
122.649	2	3106
122.650	3	364
122.674	2	3107
122.699	2	3108
122.724	2	3109
122.728	1	389
122.749	2	3110
122.774	2	3111
122.799	2	3112
122.824	2	3113
122.849	2	3114
122.864	3	365
122.874	2	3115
122.899	2	3116
122.924	2	3117
122.929	1	390
122.949	2	3118
122.974	2	3119
122.999	2	3120
123.024	2	3121
123.049	2	3122
123.074	2	3123
123.077	3	366
123.099	2	3124
123.124	2	3125
123.128	1	391
123.149	2	3126
123.174	2	3127
123.199	2	3128
123.224	2	3129
123.249	2	3130
123.274	2	3131
123.291	3	367
123.299	2	3132
123.324	2	3133
123.329	1	392
123.349	2	3134
123.374	2	3135
123.399	2	3136
123.424	2	3137
123.449	2	3138
123.474	2	3139
123.499	2	3140
123.504	3	368
123.524	2	3141
123.529	1	393
123.549	2	3142
123.574	2	3143
123.599	2	3144
123.624	2	3145
123.649	2	3146
123.674	2	3147
123.699	2	3148
123.718	3	369
123.724	2	3149
123.729	1	394
123.749	2	3150
123.774	2	3151
123.799	2	3152
123.824	2	3153
123.849	2	3154
123.874	2	3155
123.899	2	3156
123.924	2	3157
123.929	1	395
123.931	3	370
123.949	2	3158
123.974	2	3159
123.999	2	3160
124.024	2	3161
124.049	2	3162
124.074	2	3163
124.099	2	3164
124.124	2	3165
124.130	1	396
124.145	3	371
124.149	2	3166
124.174	2	3167
124.199	2	3168
124.224	2	3169
124.249	2	3170
124.274	2	3171
124.299	2	3172
124.324	2	3173
124.330	1	397
124.349	2	3174
124.359	3	372
124.374	2	3175
124.399	2	3176
124.424	2	3177
124.449	2	3178
124.474	2	3179
124.499	2	3180
124.524	2	3181
124.530	1	398
124.549	2	3182
124.573	3	373
124.574	2	3183
124.599	2	3184
124.624	2	3185
124.649	2	3186
124.674	2	3187
124.699	2	3188
124.724	2	3189
124.730	1	399
124.749	2	3190
124.774	2	3191
124.786	3	374
124.799	2	3192
124.824	2	3193
124.849	2	3194
124.874	2	3195
124.899	2	3196
124.924	2	3197
124.931	1	400
124.949	2	3198
124.974	2	3199
124.999	2	3200
125.000	3	375
125.024	2	3201
125.049	2	3202
125.074	2	3203
125.099	2	3204
125.124	2	3205
125.130	1	401
125.149	2	3206
125.174	2	3207
125.199	2	3208
125.214	3	376
125.224	2	3209
125.249	2	3210
125.274	2	3211
125.299	2	3212
125.324	2	3213
125.331	1	402
125.349	2	3214
125.374	2	3215
125.399	2	3216
125.424	2	3217
125.427	3	377
125.449	2	3218
125.474	2	3219
125.499	2	3220
125.524	2	3221
125.531	1	403
125.549	2	3222
125.574	2	3223
125.599	2	3224
125.624	2	3225
125.640	3	378
125.649	2	3226
125.674	2	3227
125.699	2	3228
125.724	2	3229
125.732	1	404
125.749	2	3230
125.774	2	3231
125.799	2	3232
125.824	2	3233
125.849	2	3234
125.854	3	379
125.874	2	3235
125.899	2	3236
125.924	2	3237
125.931	1	405
125.949	2	3238
125.974	2	3239
125.999	2	3240
126.024	2	3241
126.049	2	3242
126.068	3	380
126.074	2	3243
126.099	2	3244
126.124	2	3245
126.132	1	406
126.149	2	3246
126.174	2	3247
126.199	2	3248
126.224	2	3249
126.249	2	3250
126.274	2	3251
126.282	3	381
126.299	2	3252
126.324	2	3253
126.332	1	407
126.349	2	3254
126.374	2	3255
126.399	2	3256
126.424	2	3257
126.449	2	3258
126.474	2	3259
126.495	3	382
126.499	2	3260
126.524	2	3261
126.532	1	408
126.549	2	3262
126.574	2	3263
126.599	2	3264
126.624	2	3265
126.649	2	3266
126.674	2	3267
126.699	2	3268
126.709	3	383
126.724	2	3269
126.732	1	409
126.749	2	3270
126.774	2	3271
126.799	2	3272
126.824	2	3273
126.849	2	3274
126.874	2	3275
126.899	2	3276
126.922	3	384
126.924	2	3277
126.933	1	410
126.949	2	3278
126.974	2	3279
126.999	2	3280
127.024	2	3281
127.049	2	3282
127.074	2	3283
127.099	2	3284
127.124	2	3285
127.133	1	411
127.136	3	385
127.149	2	3286
127.174	2	3287
127.199	2	3288
127.224	2	3289
127.249	2	3290
127.274	2	3291
127.299	2	3292
127.324	2	3293
127.333	1	412
127.349	2	3294
127.350	3	386
127.374	2	3295
127.399	2	3296
127.424	2	3297
127.449	2	3298
127.474	2	3299
127.499	2	3300
127.524	2	3301
127.533	1	413
127.549	2	3302
127.563	3	387
127.574	2	3303
127.599	2	3304
127.624	2	3305
127.649	2	3306
127.674	2	3307
127.699	2	3308
127.724	2	3309
127.734	1	414
127.749	2	3310
127.774	2	3311
127.777	3	388
127.799	2	3312
127.824	2	3313
127.849	2	3314
127.874	2	3315
127.899	2	3316
127.924	2	3317
127.933	1	415
127.949	2	3318
127.974	2	3319
127.991	3	389
127.999	2	3320
128.024	2	3321
128.049	2	3322
128.074	2	3323
128.099	2	3324
128.124	2	3325
128.134	1	416
128.149	2	3326
128.174	2	3327
128.199	2	3328
128.204	3	390
128.224	2	3329
128.249	2	3330
128.274	2	3331
128.299	2	3332
128.324	2	3333
128.334	1	417
128.349	2	3334
128.374	2	3335
128.399	2	3336
128.418	3	391
128.424	2	3337
128.449	2	3338
128.474	2	3339
128.499	2	3340
128.524	2	3341
128.534	1	418
128.549	2	3342
128.574	2	3343
128.599	2	3344
128.624	2	3345
128.631	3	392
128.649	2	3346
128.674	2	3347
128.699	2	3348
128.724	2	3349
128.734	1	419
128.749	2	3350
128.774	2	3351
128.799	2	3352
128.824	2	3353
128.845	3	393
128.849	2	3354
128.874	2	3355
128.899	2	3356
128.924	2	3357
128.935	1	420
128.949	2	3358
128.974	2	3359
128.999	2	3360
129.024	2	3361
129.049	2	3362
129.058	3	394
129.074	2	3363
129.099	2	3364
129.124	2	3365
129.135	1	421
129.149	2	3366
129.174	2	3367
129.199	2	3368
129.224	2	3369
129.249	2	3370
129.272	3	395
129.274	2	3371
129.299	2	3372
129.324	2	3373
129.335	1	422
129.349	2	3374
129.374	2	3375
129.399	2	3376
129.424	2	3377
129.449	2	3378
129.474	2	3379
129.486	3	396
129.499	2	3380
129.524	2	3381
129.535	1	423
129.549	2	3382
129.574	2	3383
129.599	2	3384
129.624	2	3385
129.649	2	3386
129.674	2	3387
129.699	2	3388
129.700	3	397
129.724	2	3389
129.736	1	424
129.749	2	3390
129.774	2	3391
129.799	2	3392
129.824	2	3393
129.849	2	3394
129.874	2	3395
129.899	2	3396
129.913	3	398
129.924	2	3397
129.935	1	425
129.949	2	3398
129.974	2	3399
129.999	2	3400
130.024	2	3401
130.049	2	3402
130.074	2	3403
130.099	2	3404
130.124	2	3405
130.127	3	399
130.136	1	426
130.149	2	3406
130.174	2	3407
130.199	2	3408
130.224	2	3409
130.249	2	3410
130.274	2	3411
130.299	2	3412
130.324	2	3413
130.336	1	427
130.340	3	400
130.349	2	3414
130.374	2	3415
130.399	2	3416
130.424	2	3417
130.449	2	3418
130.474	2	3419
130.499	2	3420
130.524	2	3421
130.537	1	428
130.549	2	3422
130.554	3	401
130.574	2	3423
130.599	2	3424
130.624	2	3425
130.649	2	3426
130.674	2	3427
130.699	2	3428
130.724	2	3429
130.736	1	429
130.749	2	3430
130.768	3	402
130.774	2	3431
130.799	2	3432
130.824	2	3433
130.849	2	3434
130.874	2	3435
130.899	2	3436
130.924	2	3437
130.937	1	430
130.949	2	3438
130.974	2	3439
130.982	3	403
130.999	2	3440
131.024	2	3441
131.049	2	3442
131.074	2	3443
131.099	2	3444
131.124	2	3445
131.137	1	431
131.149	2	3446
131.174	2	3447
131.195	3	404
131.199	2	3448
131.224	2	3449
131.249	2	3450
131.274	2	3451
131.299	2	3452
131.324	2	3453
131.337	1	432
131.349	2	3454
131.374	2	3455
131.399	2	3456
131.409	3	405
131.424	2	3457
131.449	2	3458
131.474	2	3459
131.499	2	3460
131.524	2	3461
131.537	1	433
131.549	2	3462
131.574	2	3463
131.599	2	3464
131.622	3	406
131.624	2	3465
131.649	2	3466
131.674	2	3467
131.699	2	3468
131.724	2	3469
131.738	1	434
131.749	2	3470
131.774	2	3471
131.799	2	3472
131.824	2	3473
131.836	3	407
131.849	2	3474
131.874	2	3475
131.899	2	3476
131.924	2	3477
131.938	1	435
131.949	2	3478
131.974	2	3479
131.999	2	3480
132.024	2	3481
132.049	2	3482
132.049	3	408
132.074	2	3483
132.099	2	3484
132.124	2	3485
132.138	1	436
132.149	2	3486
132.174	2	3487
132.199	2	3488
132.224	2	3489
132.249	2	3490
132.263	3	409
132.274	2	3491
132.299	2	3492
132.324	2	3493
132.338	1	437
132.349	2	3494
132.374	2	3495
132.399	2	3496
132.424	2	3497
132.449	2	3498
132.474	2	3499
132.477	3	410
132.499	2	3500
132.524	2	3501
132.539	1	438
132.549	2	3502
132.574	2	3503
132.599	2	3504
132.624	2	3505
132.649	2	3506
132.674	2	3507
132.690	3	411
132.699	2	3508
132.724	2	3509
132.738	1	439
132.749	2	3510
132.774	2	3511
132.799	2	3512
132.824	2	3513
132.849	2	3514
132.874	2	3515
132.899	2	3516
132.904	3	412
132.924	2	3517
132.939	1	440
132.949	2	3518
132.974	2	3519
132.999	2	3520
133.024	2	3521
133.049	2	3522
133.074	2	3523
133.099	2	3524
133.118	3	413
133.124	2	3525
133.139	1	441
133.149	2	3526
133.174	2	3527
133.199	2	3528
133.224	2	3529
133.249	2	3530
133.274	2	3531
133.299	2	3532
133.324	2	3533
133.332	3	414
133.340	1	442
133.349	2	3534
133.374	2	3535
133.399	2	3536
133.424	2	3537
133.449	2	3538
133.474	2	3539
133.499	2	3540
133.524	2	3541
133.539	1	443
133.545	3	415
133.549	2	3542
133.574	2	3543
133.599	2	3544
133.624	2	3545
133.649	2	3546
133.674	2	3547
133.699	2	3548
133.724	2	3549
133.740	1	444
133.749	2	3550
133.758	3	416
133.774	2	3551
133.799	2	3552
133.824	2	3553
133.849	2	3554
133.874	2	3555
133.899	2	3556
133.924	2	3557
133.940	1	445
133.949	2	3558
133.972	3	417
133.974	2	3559
133.999	2	3560
134.024	2	3561
134.049	2	3562
134.074	2	3563
134.099	2	3564
134.124	2	3565
134.140	1	446
134.149	2	3566
134.174	2	3567
134.186	3	418
134.199	2	3568
134.224	2	3569
134.249	2	3570
134.274	2	3571
134.299	2	3572
134.324	2	3573
134.340	1	447
134.349	2	3574
134.374	2	3575
134.399	2	3576
134.400	3	419
134.424	2	3577
134.449	2	3578
134.474	2	3579
134.499	2	3580
134.524	2	3581
134.541	1	448
134.549	2	3582
134.574	2	3583
134.599	2	3584
134.613	3	420
134.624	2	3585
134.649	2	3586
134.674	2	3587
134.699	2	3588
134.724	2	3589
134.740	1	449
134.749	2	3590
134.774	2	3591
134.799	2	3592
134.824	2	3593
134.827	3	421
134.849	2	3594
134.874	2	3595
134.899	2	3596
134.924	2	3597
134.941	1	450
134.949	2	3598
134.974	2	3599
134.999	2	3600
135.024	2	3601
135.040	3	422
135.049	2	3602
135.074	2	3603
135.099	2	3604
135.124	2	3605
135.141	1	451
135.149	2	3606
135.174	2	3607
135.199	2	3608
135.224	2	3609
135.249	2	3610
135.254	3	423
135.274	2	3611
135.299	2	3612
135.324	2	3613
135.342	1	452
135.349	2	3614
135.374	2	3615
135.399	2	3616
135.424	2	3617
135.449	2	3618
135.468	3	424
135.474	2	3619
135.499	2	3620
135.524	2	3621
135.541	1	453
135.549	2	3622
135.574	2	3623
135.599	2	3624
135.624	2	3625
135.649	2	3626
135.674	2	3627
135.681	3	425
135.699	2	3628
135.724	2	3629
135.742	1	454
135.749	2	3630
135.774	2	3631
135.799	2	3632
135.824	2	3633
135.849	2	3634
135.874	2	3635
135.895	3	426
135.899	2	3636
135.924	2	3637
135.942	1	455
135.949	2	3638
135.974	2	3639
135.999	2	3640
136.024	2	3641
136.049	2	3642
136.074	2	3643
136.099	2	3644
136.108	3	427
136.124	2	3645
136.142	1	456
136.149	2	3646
136.174	2	3647
136.199	2	3648
136.224	2	3649
136.249	2	3650
136.274	2	3651
136.299	2	3652
136.322	3	428
136.324	2	3653
136.342	1	457
136.349	2	3654
136.374	2	3655
136.399	2	3656
136.424	2	3657
136.449	2	3658
136.474	2	3659
136.499	2	3660
136.524	2	3661
136.536	3	429
136.543	1	458
136.549	2	3662
136.574	2	3663
136.599	2	3664
136.624	2	3665
136.649	2	3666
136.674	2	3667
136.699	2	3668
136.724	2	3669
136.743	1	459
136.749	2	3670
136.749	3	430
136.774	2	3671
136.799	2	3672
136.824	2	3673
136.849	2	3674
136.874	2	3675
136.899	2	3676
136.924	2	3677
136.943	1	460
136.949	2	3678
136.963	3	431
136.974	2	3679
136.999	2	3680
137.024	2	3681
137.049	2	3682
137.074	2	3683
137.099	2	3684
137.124	2	3685
137.143	1	461
137.149	2	3686
137.174	2	3687
137.177	3	432
137.199	2	3688
137.224	2	3689
137.249	2	3690
137.274	2	3691
137.299	2	3692
137.324	2	3693
137.344	1	462
137.349	2	3694
137.374	2	3695
137.390	3	433
137.399	2	3696
137.424	2	3697
137.449	2	3698
137.474	2	3699
137.499	2	3700
137.524	2	3701
137.543	1	463
137.549	2	3702
137.574	2	3703
137.599	2	3704
137.604	3	434
137.624	2	3705
137.649	2	3706
137.674	2	3707
137.699	2	3708
137.724	2	3709
137.744	1	464
137.749	2	3710
137.774	2	3711
137.799	2	3712
137.817	3	435
137.824	2	3713
137.849	2	3714
137.874	2	3715
137.899	2	3716
137.924	2	3717
137.944	1	465
137.949	2	3718
137.974	2	3719
137.999	2	3720
138.024	2	3721
138.031	3	436
138.049	2	3722
138.074	2	3723
138.099	2	3724
138.124	2	3725
138.145	1	466
138.149	2	3726
138.174	2	3727
138.199	2	3728
138.224	2	3729
138.245	3	437
138.249	2	3730
138.274	2	3731
138.299	2	3732
138.324	2	3733
138.344	1	467
138.349	2	3734
138.374	2	3735
138.399	2	3736
138.424	2	3737
138.449	2	3738
138.459	3	438
138.474	2	3739
138.499	2	3740
138.524	2	3741
138.545	1	468
138.549	2	3742
138.574	2	3743
138.599	2	3744
138.624	2	3745
138.649	2	3746
138.672	3	439
138.674	2	3747
138.699	2	3748
138.724	2	3749
138.745	1	469
138.749	2	3750
138.774	2	3751
138.799	2	3752
138.824	2	3753
138.849	2	3754
138.874	2	3755
138.886	3	440
138.899	2	3756
138.924	2	3757
138.945	1	470
138.949	2	3758
138.974	2	3759
138.999	2	3760
139.024	2	3761
139.049	2	3762
139.074	2	3763
139.099	2	3764
139.099	3	441
139.124	2	3765
139.145	1	471
139.149	2	3766
139.174	2	3767
139.199	2	3768
139.224	2	3769
139.249	2	3770
139.274	2	3771
139.299	2	3772
139.313	3	442
139.324	2	3773
139.346	1	472
139.349	2	3774
139.374	2	3775
139.399	2	3776
139.424	2	3777
139.449	2	3778
139.474	2	3779
139.499	2	3780
139.524	2	3781
139.526	3	443
139.545	1	473
139.549	2	3782
139.574	2	3783
139.599	2	3784
139.624	2	3785
139.649	2	3786
139.674	2	3787
139.699	2	3788
139.724	2	3789
139.740	3	444
139.746	1	474
139.749	2	3790
139.774	2	3791
139.799	2	3792
139.824	2	3793
139.849	2	3794
139.874	2	3795
139.899	2	3796
139.924	2	3797
139.946	1	475
139.949	2	3798
139.954	3	445
139.974	2	3799
139.999	2	3800
140.024	2	3801
140.049	2	3802
140.074	2	3803
140.099	2	3804
140.124	2	3805
140.147	1	476
140.149	2	3806
140.167	3	446
140.174	2	3807
140.199	2	3808
140.224	2	3809
140.249	2	3810
140.274	2	3811
140.299	2	3812
140.324	2	3813
140.346	1	477
140.349	2	3814
140.374	2	3815
140.381	3	447
140.399	2	3816
140.424	2	3817
140.449	2	3818
140.474	2	3819
140.499	2	3820
140.524	2	3821
140.547	1	478
140.549	2	3822
140.574	2	3823
140.595	3	448
140.599	2	3824
140.624	2	3825
140.649	2	3826
140.674	2	3827
140.699	2	3828
140.724	2	3829
140.747	1	479
140.749	2	3830
140.774	2	3831
140.799	2	3832
140.808	3	449
140.824	2	3833
140.849	2	3834
140.874	2	3835
140.899	2	3836
140.924	2	3837
140.947	1	480
140.949	2	3838
140.974	2	3839
140.999	2	3840
141.022	3	450
141.024	2	3841
141.049	2	3842
141.074	2	3843
141.099	2	3844
141.124	2	3845
141.147	1	481
141.149	2	3846
141.174	2	3847
141.199	2	3848
141.224	2	3849
141.235	3	451
141.249	2	3850
141.274	2	3851
141.299	2	3852
141.324	2	3853
141.348	1	482
141.349	2	3854
141.374	2	3855
141.399	2	3856
141.424	2	3857
141.449	2	3858
141.449	3	452
141.474	2	3859
141.499	2	3860
141.524	2	3861
141.548	1	483
141.549	2	3862
141.574	2	3863
141.599	2	3864
141.624	2	3865
141.649	2	3866
141.663	3	453
141.674	2	3867
141.699	2	3868
141.724	2	3869
141.748	1	484
141.749	2	3870
141.774	2	3871
141.799	2	3872
141.824	2	3873
141.849	2	3874
141.874	2	3875
141.876	3	454
141.899	2	3876
141.924	2	3877
141.948	1	485
141.949	2	3878
141.974	2	3879
141.999	2	3880
142.024	2	3881
142.049	2	3882
142.074	2	3883
142.090	3	455
142.099	2	3884
142.124	2	3885
142.149	1	486
142.149	2	3886
142.174	2	3887
142.199	2	3888
142.224	2	3889
142.249	2	3890
142.274	2	3891
142.299	2	3892
142.304	3	456
142.324	2	3893
142.348	1	487
142.349	2	3894
142.374	2	3895
142.399	2	3896
142.424	2	3897
142.449	2	3898
142.474	2	3899
142.499	2	3900
142.517	3	457
142.524	2	3901
142.549	1	488
142.549	2	3902
142.574	2	3903
142.599	2	3904
142.624	2	3905
142.649	2	3906
142.674	2	3907
142.699	2	3908
142.724	2	3909
142.731	3	458
142.749	1	489
142.749	2	3910
142.774	2	3911
142.799	2	3912
142.824	2	3913
142.849	2	3914
142.874	2	3915
142.899	2	3916
142.924	2	3917
142.944	3	459
142.949	2	3918
142.950	1	490
142.974	2	3919
142.999	2	3920
143.024	2	3921
143.049	2	3922
143.074	2	3923
143.099	2	3924
143.124	2	3925
143.149	1	491
143.149	2	3926
143.158	3	460
143.174	2	3927
143.199	2	3928
143.224	2	3929
143.249	2	3930
143.274	2	3931
143.299	2	3932
143.324	2	3933
143.349	2	3934
143.350	1	492
143.372	3	461
143.374	2	3935
143.399	2	3936
143.424	2	3937
143.449	2	3938
143.474	2	3939
143.499	2	3940
143.524	2	3941
143.549	2	3942
143.550	1	493
143.574	2	3943
143.585	3	462
143.599	2	3944
143.624	2	3945
143.649	2	3946
143.674	2	3947
143.699	2	3948
143.724	2	3949
143.749	2	3950
143.750	1	494
143.774	2	3951
143.799	2	3952
143.799	3	463
143.824	2	3953
143.849	2	3954
143.874	2	3955
143.899	2	3956
143.924	2	3957
143.949	2	3958
143.950	1	495
143.974	2	3959
143.999	2	3960
144.013	3	464
144.024	2	3961
144.049	2	3962
144.074	2	3963
144.099	2	3964
144.124	2	3965
144.149	2	3966
144.151	1	496
144.174	2	3967
144.199	2	3968
144.224	2	3969
144.226	3	465
144.249	2	3970
144.274	2	3971
144.299	2	3972
144.324	2	3973
144.349	2	3974
144.350	1	497
144.374	2	3975
144.399	2	3976
144.424	2	3977
144.440	3	466
144.449	2	3978
144.474	2	3979
144.499	2	3980
144.524	2	3981
144.549	2	3982
144.551	1	498
144.574	2	3983
144.599	2	3984
144.624	2	3985
144.649	2	3986
144.653	3	467
144.674	2	3987
144.699	2	3988
144.724	2	3989
144.749	2	3990
144.751	1	499
144.774	2	3991
144.799	2	3992
144.824	2	3993
144.849	2	3994
144.867	3	468
144.874	2	3995
144.899	2	3996
144.924	2	3997
144.949	2	3998
144.952	1	500
144.974	2	3999
144.999	2	4000
145.024	2	4001
145.049	2	4002
145.074	2	4003
145.081	3	469
145.099	2	4004
145.124	2	4005
145.149	2	4006
145.151	1	501
145.174	2	4007
145.199	2	4008
145.224	2	4009
145.249	2	4010
145.274	2	4011
145.294	3	470
145.299	2	4012
145.324	2	4013
145.349	2	4014
145.352	1	502
145.374	2	4015
145.399	2	4016
145.424	2	4017
145.449	2	4018
145.474	2	4019
145.499	2	4020
145.508	3	471
145.524	2	4021
145.549	2	4022
145.552	1	503
145.574	2	4023
145.599	2	4024
145.624	2	4025
145.649	2	4026
145.674	2	4027
145.699	2	4028
145.722	3	472
145.724	2	4029
145.749	2	4030
145.752	1	504
145.774	2	4031
145.799	2	4032
145.824	2	4033
145.849	2	4034
145.874	2	4035
145.899	2	4036
145.924	2	4037
145.935	3	473
145.949	2	4038
145.952	1	505
145.974	2	4039
145.999	2	4040
146.024	2	4041
146.049	2	4042
146.074	2	4043
146.099	2	4044
146.124	2	4045
146.149	2	4046
146.149	3	474
146.153	1	506
146.174	2	4047
146.199	2	4048
146.224	2	4049
146.249	2	4050
146.274	2	4051
146.299	2	4052
146.324	2	4053
146.349	2	4054
146.353	1	507
146.363	3	475
146.374	2	4055
146.399	2	4056
146.424	2	4057
146.449	2	4058
146.474	2	4059
146.499	2	4060
146.524	2	4061
146.549	2	4062
146.553	1	508
146.574	2	4063
146.576	3	476
146.599	2	4064
146.624	2	4065
146.649	2	4066
146.674	2	4067
146.699	2	4068
146.724	2	4069
146.749	2	4070
146.753	1	509
146.774	2	4071
146.790	3	477
146.799	2	4072
146.824	2	4073
146.849	2	4074
146.874	2	4075
146.899	2	4076
146.924	2	4077
146.949	2	4078
146.954	1	510
146.974	2	4079
146.999	2	4080
147.003	3	478
147.024	2	4081
147.049	2	4082
147.074	2	4083
147.099	2	4084
147.124	2	4085
147.149	2	4086
147.153	1	511
147.174	2	4087
147.199	2	4088
147.217	3	479
147.224	2	4089
147.249	2	4090
147.274	2	4091
147.299	2	4092
147.324	2	4093
147.349	2	4094
147.354	1	512
147.374	2	4095
147.399	2	4096
147.424	2	4097
147.431	3	480
147.449	2	4098
147.474	2	4099
147.499	2	4100
147.524	2	4101
147.549	2	4102
147.554	1	513
147.574	2	4103
147.599	2	4104
147.624	2	4105
147.644	3	481
147.649	2	4106
147.674	2	4107
147.699	2	4108
147.724	2	4109
147.749	2	4110
147.755	1	514
147.774	2	4111
147.799	2	4112
147.824	2	4113
147.849	2	4114
147.858	3	482
147.874	2	4115
147.899	2	4116
147.924	2	4117
147.949	2	4118
147.954	1	515
147.974	2	4119
147.999	2	4120
148.024	2	4121
148.049	2	4122
148.072	3	483
148.074	2	4123
148.099	2	4124
148.124	2	4125
148.149	2	4126
148.155	1	516
148.174	2	4127
148.199	2	4128
148.224	2	4129
148.249	2	4130
148.274	2	4131
148.285	3	484
148.299	2	4132
148.324	2	4133
148.349	2	4134
148.355	1	517
148.374	2	4135
148.399	2	4136
148.424	2	4137
148.449	2	4138
148.474	2	4139
148.499	2	4140
148.499	3	485
148.524	2	4141
148.549	2	4142
148.555	1	518
148.574	2	4143
148.599	2	4144
148.624	2	4145
148.649	2	4146
148.674	2	4147
148.699	2	4148
148.712	3	486
148.724	2	4149
148.749	2	4150
148.755	1	519
148.774	2	4151
148.799	2	4152
148.824	2	4153
148.849	2	4154
148.874	2	4155
148.899	2	4156
148.924	2	4157
148.926	3	487
148.949	2	4158
148.956	1	520
148.974	2	4159
148.999	2	4160
149.024	2	4161
149.049	2	4162
149.074	2	4163
149.099	2	4164
149.124	2	4165
149.140	3	488
149.149	2	4166
149.156	1	521
149.174	2	4167
149.199	2	4168
149.224	2	4169
149.249	2	4170
149.274	2	4171
149.299	2	4172
149.324	2	4173
149.349	2	4174
149.353	3	489
149.356	1	522
149.374	2	4175
149.399	2	4176
149.424	2	4177
149.449	2	4178
149.474	2	4179
149.499	2	4180
149.524	2	4181
149.549	2	4182
149.556	1	523
149.567	3	490
149.574	2	4183
149.599	2	4184
149.624	2	4185
149.649	2	4186
149.674	2	4187
149.699	2	4188
149.724	2	4189
149.749	2	4190
149.757	1	524
149.774	2	4191
149.781	3	491
149.799	2	4192
149.824	2	4193
149.849	2	4194
149.874	2	4195
149.899	2	4196
149.924	2	4197
149.949	2	4198
149.956	1	525
149.974	2	4199
149.994	3	492
149.999	2	4200
150.024	2	4201
150.049	2	4202
150.074	2	4203
150.099	2	4204
150.124	2	4205
150.149	2	4206
150.157	1	526
150.174	2	4207
150.199	2	4208
150.208	3	493
150.224	2	4209
150.249	2	4210
150.274	2	4211
150.299	2	4212
150.324	2	4213
150.349	2	4214
150.357	1	527
150.374	2	4215
150.399	2	4216
150.422	3	494
150.424	2	4217
150.449	2	4218
150.474	2	4219
150.499	2	4220
150.524	2	4221
150.549	2	4222
150.557	1	528
150.574	2	4223
150.599	2	4224
150.624	2	4225
150.635	3	495
150.649	2	4226
150.674	2	4227
150.699	2	4228
150.724	2	4229
150.749	2	4230
150.757	1	529
150.774	2	4231
150.799	2	4232
150.824	2	4233
150.849	2	4234
150.849	3	496
150.874	2	4235
150.899	2	4236
150.924	2	4237
150.949	2	4238
150.958	1	530
150.974	2	4239
150.999	2	4240
151.024	2	4241
151.049	2	4242
151.062	3	497
151.074	2	4243
151.099	2	4244
151.124	2	4245
151.149	2	4246
151.158	1	531
151.174	2	4247
151.199	2	4248
151.224	2	4249
151.249	2	4250
151.274	2	4251
151.276	3	498
151.299	2	4252
151.324	2	4253
151.349	2	4254
151.358	1	532
151.374	2	4255
151.399	2	4256
151.424	2	4257
151.449	2	4258
151.474	2	4259
151.490	3	499
151.499	2	4260
151.524	2	4261
151.549	2	4262
151.558	1	533
151.574	2	4263
151.599	2	4264
151.624	2	4265
151.649	2	4266
151.674	2	4267
151.699	2	4268
151.704	3	500
151.724	2	4269
151.749	2	4270
151.759	1	534
151.774	2	4271
151.799	2	4272
151.824	2	4273
151.849	2	4274
151.874	2	4275
151.899	2	4276
151.917	3	501
151.924	2	4277
151.949	2	4278
151.958	1	535
151.974	2	4279
151.999	2	4280
152.024	2	4281
152.049	2	4282
152.074	2	4283
152.099	2	4284
152.124	2	4285
152.130	3	502
152.149	2	4286
152.159	1	536
152.174	2	4287
152.199	2	4288
152.224	2	4289
152.249	2	4290
152.274	2	4291
152.299	2	4292
152.324	2	4293
152.344	3	503
152.349	2	4294
152.359	1	537
152.374	2	4295
152.399	2	4296
152.424	2	4297
152.449	2	4298
152.474	2	4299
152.499	2	4300
152.524	2	4301
152.549	2	4302
152.558	3	504
152.560	1	538
152.574	2	4303
152.599	2	4304
152.624	2	4305
152.649	2	4306
152.674	2	4307
152.699	2	4308
152.724	2	4309
152.749	2	4310
152.759	1	539
152.772	3	505
152.774	2	4311
152.799	2	4312
152.824	2	4313
152.849	2	4314
152.874	2	4315
152.899	2	4316
152.924	2	4317
152.949	2	4318
152.960	1	540
152.974	2	4319
152.986	3	506
152.999	2	4320
153.024	2	4321
153.049	2	4322
153.074	2	4323
153.099	2	4324
153.124	2	4325
153.149	2	4326
153.160	1	541
153.174	2	4327
153.199	2	4328
153.199	3	507
153.224	2	4329
153.249	2	4330
153.274	2	4331
153.299	2	4332
153.324	2	4333
153.349	2	4334
153.360	1	542
153.374	2	4335
153.399	2	4336
153.412	3	508
153.424	2	4337
153.449	2	4338
153.474	2	4339
153.499	2	4340
153.524	2	4341
153.549	2	4342
153.560	1	543
153.574	2	4343
153.599	2	4344
153.624	2	4345
153.626	3	509
153.649	2	4346
153.674	2	4347
153.699	2	4348
153.724	2	4349
153.749	2	4350
153.761	1	544
153.774	2	4351
153.799	2	4352
153.824	2	4353
153.839	3	510
153.849	2	4354
153.874	2	4355
153.899	2	4356
153.924	2	4357
153.949	2	4358
153.961	1	545
153.974	2	4359
153.999	2	4360
154.024	2	4361
154.049	2	4362
154.053	3	511
154.074	2	4363
154.099	2	4364
154.124	2	4365
154.149	2	4366
154.161	1	546
154.174	2	4367
154.199	2	4368
154.224	2	4369
154.249	2	4370
154.267	3	512
154.274	2	4371
154.299	2	4372
154.324	2	4373
154.349	2	4374
154.361	1	547
154.374	2	4375
154.399	2	4376
154.424	2	4377
154.449	2	4378
154.474	2	4379
154.480	3	513
154.499	2	4380
154.524	2	4381
154.549	2	4382
154.562	1	548
154.574	2	4383
154.599	2	4384
154.624	2	4385
154.649	2	4386
154.674	2	4387
154.694	3	514
154.699	2	4388
154.724	2	4389
154.749	2	4390
154.761	1	549
154.774	2	4391
154.799	2	4392
154.824	2	4393
154.849	2	4394
154.874	2	4395
154.899	2	4396
154.908	3	515
154.924	2	4397
154.949	2	4398
154.962	1	550
154.974	2	4399
154.999	2	4400
155.024	2	4401
155.049	2	4402
155.074	2	4403
155.099	2	4404
155.122	3	516
155.124	2	4405
155.149	2	4406
155.162	1	551
155.174	2	4407
155.199	2	4408
155.224	2	4409
155.249	2	4410
155.274	2	4411
155.299	2	4412
155.324	2	4413
155.335	3	517
155.349	2	4414
155.362	1	552
155.374	2	4415
155.399	2	4416
155.424	2	4417
155.449	2	4418
155.474	2	4419
155.499	2	4420
155.524	2	4421
155.548	3	518
155.549	2	4422
155.562	1	553
155.574	2	4423
155.599	2	4424
155.624	2	4425
155.649	2	4426
155.674	2	4427
155.699	2	4428
155.724	2	4429
155.749	2	4430
155.762	3	519
155.763	1	554
155.774	2	4431
155.799	2	4432
155.824	2	4433
155.849	2	4434
155.874	2	4435
155.899	2	4436
155.924	2	4437
155.949	2	4438
155.963	1	555
155.974	2	4439
155.976	3	520
155.999	2	4440
156.024	2	4441
156.049	2	4442
156.074	2	4443
156.099	2	4444
156.124	2	4445
156.149	2	4446
156.163	1	556
156.174	2	4447
156.189	3	521
156.199	2	4448
156.224	2	4449
156.249	2	4450
156.274	2	4451
156.299	2	4452
156.324	2	4453
156.349	2	4454
156.363	1	557
156.374	2	4455
156.399	2	4456
156.403	3	522
156.424	2	4457
156.449	2	4458
156.474	2	4459
156.499	2	4460
156.524	2	4461
156.549	2	4462
156.564	1	558
156.574	2	4463
156.599	2	4464
156.617	3	523
156.624	2	4465
156.649	2	4466
156.674	2	4467
156.699	2	4468
156.724	2	4469
156.749	2	4470
156.763	1	559
156.774	2	4471
156.799	2	4472
156.824	2	4473
156.831	3	524
156.849	2	4474
156.874	2	4475
156.899	2	4476
156.924	2	4477
156.949	2	4478
156.964	1	560
156.974	2	4479
156.999	2	4480
157.024	2	4481
157.044	3	525
157.049	2	4482
157.074	2	4483
157.099	2	4484
157.124	2	4485
157.149	2	4486
157.164	1	561
157.174	2	4487
157.199	2	4488
157.224	2	4489
157.249	2	4490
157.258	3	526
157.274	2	4491
157.299	2	4492
157.324	2	4493
157.349	2	4494
157.365	1	562
157.374	2	4495
157.399	2	4496
157.424	2	4497
157.449	2	4498
157.472	3	527
157.474	2	4499
157.499	2	4500
157.524	2	4501
157.549	2	4502
157.564	1	563
157.574	2	4503
157.599	2	4504
157.624	2	4505
157.649	2	4506
157.674	2	4507
157.685	3	528
157.699	2	4508
157.724	2	4509
157.749	2	4510
157.765	1	564
157.774	2	4511
157.799	2	4512
157.824	2	4513
157.849	2	4514
157.874	2	4515
157.898	3	529
157.899	2	4516
157.924	2	4517
157.949	2	4518
157.965	1	565
157.974	2	4519
157.999	2	4520
158.024	2	4521
158.049	2	4522
158.074	2	4523
158.099	2	4524
158.112	3	530
158.124	2	4525
158.149	2	4526
158.165	1	566
158.174	2	4527
158.199	2	4528
158.224	2	4529
158.249	2	4530
158.274	2	4531
158.299	2	4532
158.324	2	4533
158.326	3	531
158.349	2	4534
158.365	1	567
158.374	2	4535
158.399	2	4536
158.424	2	4537
158.449	2	4538
158.474	2	4539
158.499	2	4540
158.524	2	4541
158.540	3	532
158.549	2	4542
158.566	1	568
158.574	2	4543
158.599	2	4544
158.624	2	4545
158.649	2	4546
158.674	2	4547
158.699	2	4548
158.724	2	4549
158.749	2	4550
158.753	3	533
158.766	1	569
158.774	2	4551
158.799	2	4552
158.824	2	4553
158.849	2	4554
158.874	2	4555
158.899	2	4556
158.924	2	4557
158.949	2	4558
158.966	1	570
158.967	3	534
158.974	2	4559
158.999	2	4560
159.024	2	4561
159.049	2	4562
159.074	2	4563
159.099	2	4564
159.124	2	4565
159.149	2	4566
159.166	1	571
159.174	2	4567
159.181	3	535
159.199	2	4568
159.224	2	4569
159.249	2	4570
159.274	2	4571
159.299	2	4572
159.324	2	4573
159.349	2	4574
159.367	1	572
159.374	2	4575
159.394	3	536
159.399	2	4576
159.424	2	4577
159.449	2	4578
159.474	2	4579
159.499	2	4580
159.524	2	4581
159.549	2	4582
159.566	1	573
159.574	2	4583
159.599	2	4584
159.607	3	537
159.624	2	4585
159.649	2	4586
159.674	2	4587
159.699	2	4588
159.724	2	4589
159.749	2	4590
159.767	1	574
159.774	2	4591
159.799	2	4592
159.821	3	538
159.824	2	4593
159.849	2	4594
159.874	2	4595
159.899	2	4596
159.924	2	4597
159.949	2	4598
159.967	1	575
159.974	2	4599
159.999	2	4600
160.024	2	4601
160.035	3	539
160.049	2	4602
160.074	2	4603
160.099	2	4604
160.124	2	4605
160.149	2	4606
160.167	1	576
160.174	2	4607
160.199	2	4608
160.224	2	4609
160.248	3	540
160.249	2	4610
160.274	2	4611
160.299	2	4612
160.324	2	4613
160.349	2	4614
160.367	1	577
160.374	2	4615
160.399	2	4616
160.424	2	4617
160.449	2	4618
160.462	3	541
160.474	2	4619
160.499	2	4620
160.524	2	4621
160.549	2	4622
160.568	1	578
160.574	2	4623
160.599	2	4624
160.624	2	4625
160.649	2	4626
160.674	2	4627
160.676	3	542
160.699	2	4628
160.724	2	4629
160.749	2	4630
160.768	1	579
160.774	2	4631
160.799	2	4632
160.824	2	4633
160.849	2	4634
160.874	2	4635
160.889	3	543
160.899	2	4636
160.924	2	4637
160.949	2	4638
160.968	1	580
160.974	2	4639
160.999	2	4640
161.024	2	4641
161.049	2	4642
161.074	2	4643
161.099	2	4644
161.103	3	544
161.124	2	4645
161.149	2	4646
161.168	1	581
161.174	2	4647
161.199	2	4648
161.224	2	4649
161.249	2	4650
161.274	2	4651
161.299	2	4652
161.316	3	545
161.324	2	4653
161.349	2	4654
161.369	1	582
161.374	2	4655
161.399	2	4656
161.424	2	4657
161.449	2	4658
161.474	2	4659
161.499	2	4660
161.524	2	4661
161.530	3	546
161.549	2	4662
161.568	1	583
161.574	2	4663
161.599	2	4664
161.624	2	4665
161.649	2	4666
161.674	2	4667
161.699	2	4668
161.724	2	4669
161.744	3	547
161.749	2	4670
161.769	1	584
161.774	2	4671
161.799	2	4672
161.824	2	4673
161.849	2	4674
161.874	2	4675
161.899	2	4676
161.924	2	4677
161.949	2	4678
161.958	3	548
161.969	1	585
161.974	2	4679
161.999	2	4680
162.024	2	4681
162.049	2	4682
162.074	2	4683
162.099	2	4684
162.124	2	4685
162.149	2	4686
162.170	1	586
162.171	3	549
162.174	2	4687
162.199	2	4688
162.224	2	4689
162.249	2	4690
162.274	2	4691
162.299	2	4692
162.324	2	4693
162.349	2	4694
162.369	1	587
162.374	2	4695
162.385	3	550
162.399	2	4696
162.424	2	4697
162.449	2	4698
162.474	2	4699
162.499	2	4700
162.524	2	4701
162.549	2	4702
162.570	1	588
162.574	2	4703
162.598	3	551
162.599	2	4704
162.624	2	4705
162.649	2	4706
162.674	2	4707
162.699	2	4708
162.724	2	4709
162.749	2	4710
162.770	1	589
162.774	2	4711
162.799	2	4712
162.812	3	552
162.824	2	4713
162.849	2	4714
162.874	2	4715
162.899	2	4716
162.924	2	4717
162.949	2	4718
162.970	1	590
162.974	2	4719
162.999	2	4720
163.024	2	4721
163.026	3	553
163.049	2	4722
163.074	2	4723
163.099	2	4724
163.124	2	4725
163.149	2	4726
163.170	1	591
163.174	2	4727
163.199	2	4728
163.224	2	4729
163.240	3	554
163.249	2	4730
163.274	2	4731
163.299	2	4732
163.324	2	4733
163.349	2	4734
163.371	1	592
163.374	2	4735
163.399	2	4736
163.424	2	4737
163.449	2	4738
163.453	3	555
163.474	2	4739
163.499	2	4740
163.524	2	4741
163.549	2	4742
163.571	1	593
163.574	2	4743
163.599	2	4744
163.624	2	4745
163.649	2	4746
163.667	3	556
163.674	2	4747
163.699	2	4748
163.724	2	4749
163.749	2	4750
163.771	1	594
163.774	2	4751
163.799	2	4752
163.824	2	4753
163.849	2	4754
163.874	2	4755
163.880	3	557
163.899	2	4756
163.924	2	4757
163.949	2	4758
163.971	1	595
163.974	2	4759
163.999	2	4760
164.024	2	4761
164.049	2	4762
164.074	2	4763
164.094	3	558
164.099	2	4764
164.124	2	4765
164.149	2	4766
164.172	1	596
164.174	2	4767
164.199	2	4768
164.224	2	4769
164.249	2	4770
164.274	2	4771
164.299	2	4772
164.307	3	559
164.324	2	4773
164.349	2	4774
164.371	1	597
164.374	2	4775
164.399	2	4776
164.424	2	4777
164.449	2	4778
164.474	2	4779
164.499	2	4780
164.521	3	560
164.524	2	4781
164.549	2	4782
164.572	1	598
164.574	2	4783
164.599	2	4784
164.624	2	4785
164.649	2	4786
164.674	2	4787
164.699	2	4788
164.724	2	4789
164.734	3	561
164.749	2	4790
164.772	1	599
164.774	2	4791
164.799	2	4792
164.824	2	4793
164.849	2	4794
164.874	2	4795
164.899	2	4796
164.924	2	4797
164.948	3	562
164.949	2	4798
164.972	1	600
164.974	2	4799
164.999	2	4800
165.024	2	4801
165.049	2	4802
165.074	2	4803
165.099	2	4804
165.124	2	4805
165.149	2	4806
165.162	3	563
165.172	1	601
165.174	2	4807
165.199	2	4808
165.224	2	4809
165.249	2	4810
165.274	2	4811
165.299	2	4812
165.324	2	4813
165.349	2	4814
165.373	1	602
165.374	2	4815
165.375	3	564
165.399	2	4816
165.424	2	4817
165.449	2	4818
165.474	2	4819
165.499	2	4820
165.524	2	4821
165.549	2	4822
165.573	1	603
165.574	2	4823
165.589	3	565
165.599	2	4824
165.624	2	4825
165.649	2	4826
165.674	2	4827
165.699	2	4828
165.724	2	4829
165.749	2	4830
165.773	1	604
165.774	2	4831
165.799	2	4832
165.803	3	566
165.824	2	4833
165.849	2	4834
165.874	2	4835
165.899	2	4836
165.924	2	4837
165.949	2	4838
165.973	1	605
165.974	2	4839
165.999	2	4840
166.017	3	567
166.024	2	4841
166.049	2	4842
166.074	2	4843
166.099	2	4844
166.124	2	4845
166.149	2	4846
166.174	1	606
166.174	2	4847
166.199	2	4848
166.224	2	4849
166.230	3	568
166.249	2	4850
166.274	2	4851
166.299	2	4852
166.324	2	4853
166.349	2	4854
166.373	1	607
166.374	2	4855
166.399	2	4856
166.424	2	4857
166.443	3	569
166.449	2	4858
166.474	2	4859
166.499	2	4860
166.524	2	4861
166.549	2	4862
166.574	1	608
166.574	2	4863
166.599	2	4864
166.624	2	4865
166.649	2	4866
166.657	3	570
166.674	2	4867
166.699	2	4868
166.724	2	4869
166.749	2	4870
166.774	1	609
166.774	2	4871
166.799	2	4872
166.824	2	4873
166.849	2	4874
166.871	3	571
166.874	2	4875
166.899	2	4876
166.924	2	4877
166.949	2	4878
166.974	2	4879
166.975	1	610
166.999	2	4880
167.024	2	4881
167.049	2	4882
167.074	2	4883
167.085	3	572
167.099	2	4884
167.124	2	4885
167.149	2	4886
167.174	1	611
167.174	2	4887
167.199	2	4888
167.224	2	4889
167.249	2	4890
167.274	2	4891
167.299	2	4892
167.299	3	573
167.324	2	4893
167.349	2	4894
167.374	2	4895
167.375	1	612
167.399	2	4896
167.424	2	4897
167.449	2	4898
167.474	2	4899
167.499	2	4900
167.512	3	574
167.524	2	4901
167.549	2	4902
167.574	2	4903
167.575	1	613
167.599	2	4904
167.624	2	4905
167.649	2	4906
167.674	2	4907
167.699	2	4908
167.724	2	4909
167.725	3	575
167.749	2	4910
167.774	2	4911
167.775	1	614
167.799	2	4912
167.824	2	4913
167.849	2	4914
167.874	2	4915
167.899	2	4916
167.924	2	4917
167.939	3	576
167.949	2	4918
167.974	2	4919
167.975	1	615
167.999	2	4920
168.024	2	4921
168.049	2	4922
168.074	2	4923
168.099	2	4924
168.124	2	4925
168.149	2	4926
168.152	3	577
168.174	2	4927
168.176	1	616
168.199	2	4928
168.224	2	4929
168.249	2	4930
168.274	2	4931
168.299	2	4932
168.324	2	4933
168.349	2	4934
168.366	3	578
168.374	2	4935
168.376	1	617
168.399	2	4936
168.424	2	4937
168.449	2	4938
168.474	2	4939
168.499	2	4940
168.524	2	4941
168.549	2	4942
168.574	2	4943
168.576	1	618
168.580	3	579
168.599	2	4944
168.624	2	4945
168.649	2	4946
168.674	2	4947
168.699	2	4948
168.724	2	4949
168.749	2	4950
168.774	2	4951
168.776	1	619
168.794	3	580
168.799	2	4952
168.824	2	4953
168.849	2	4954
168.874	2	4955
168.899	2	4956
168.924	2	4957
168.949	2	4958
168.974	2	4959
168.977	1	620
168.999	2	4960
169.007	3	581
169.024	2	4961
169.049	2	4962
169.074	2	4963
169.099	2	4964
169.124	2	4965
169.149	2	4966
169.174	2	4967
169.176	1	621
169.199	2	4968
169.221	3	582
169.224	2	4969
169.249	2	4970
169.274	2	4971
169.299	2	4972
169.324	2	4973
169.349	2	4974
169.374	2	4975
169.377	1	622
169.399	2	4976
169.424	2	4977
169.434	3	583
169.449	2	4978
169.474	2	4979
169.499	2	4980
169.524	2	4981
169.549	2	4982
169.574	2	4983
169.577	1	623
169.599	2	4984
169.624	2	4985
169.648	3	584
169.649	2	4986
169.674	2	4987
169.699	2	4988
169.724	2	4989
169.749	2	4990
169.774	2	4991
169.777	1	624
169.799	2	4992
169.824	2	4993
169.849	2	4994
169.862	3	585
169.874	2	4995
169.899	2	4996
169.924	2	4997
169.949	2	4998
169.974	2	4999
169.977	1	625
169.999	2	5000
170.024	2	5001
170.075	3	586
170.178	1	626
